Sample	0	1	2	3	4	5	6	7	8	9	10	11	12	13	14	15	16	17	18	19	20	21	22	23	24	25	26	27	28	29	30	31	32	33	34	35	36	37	38	39	40	41	42	43	44	45	46	47	48	49	50	51	52	53	54	55	56	57
SRR908430_1	(1, 0.03280689389611057)	(2, 0.0009730858359015849)	(3, 0.00013901226227165499)	(4, 0.001529134884988205)	(5, 0.005977527277681164)	(6, 0.03447504104337043)	(7, 0.0029192575077047547)	(8, 0.0)	(9, 0.0)	(10, 0.001529134884988205)	(15, 0.0008896784785385919)	(20, 0.00013901226227165499)	(25, 0.0016125422423511977)	(30, 0.0)	(35, 0.0010008882883559159)	(40, 0.000639456406449613)	(45, 0.005004441441779579)	(50, 0.0009730858359015849)	(55, 0.0005838515015409509)	(60, 0.0015569373374425357)	(65, 0.0025022207208897896)	(70, 0.0030026648650677474)	(75, 0.007451057257760707)	(80, 0.00011120980981732398)	(85, 0.00038923433436063393)	(90, 0.0018349618619858457)	(95, 0.0003614318819063029)	(100, 0.00038923433436063393)	(105, 0.004531799750055952)	(110, 0.0013345177178078877)	(115, 0.0005004441441779579)	(120, 0.001278912812899226)	(125, 0.0018627643144401768)	(130, 2.7802452454330996e-05)	(135, 0.0003614318819063029)	(140, 0.004031355605877995)	(145, 0.006033132182589826)	(150, 0.00027802452454330997)	(155, 0.008285130831390637)	(160, 0.0033640967469740508)	(165, 0.00011120980981732398)	(170, 5.560490490866199e-05)	(175, 0.007200835185671728)	(180, 0.0011955054555362328)	(185, 0.00041703678681496493)	(190, 0.0003614318819063029)	(195, 0.0083407357362993)	(200, 0.0006672588589039438)	(205, 0.003169479579793734)	(210, 0.01893347012139941)	(215, 0.0032528869371567268)	(220, 0.0011677030030819019)	(225, 0.005143453704051234)	(230, 0.00784029159212134)	(235, 0.0031972820322480645)	(240, 0.0003336294294519719)	(245, 0.008007106306847327)	(250, 0.005769008884273681)
SRR908430_2	(1, 0.010008882883559158)	(2, 0.006394564064496129)	(3, 0.0034753065567913748)	(4, 0.02251998648800811)	(5, 0.015152336587610395)	(6, 0.011399005506275709)	(7, 0.0033362942945197194)	(8, 0.0018071594095315148)	(9, 0.014735299800795429)	(10, 0.0021407888389834867)	(15, 0.003975750700969332)	(20, 0.003808935986243347)	(25, 0.011343400601367046)	(30, 0.014763102253249758)	(35, 0.010592734385100111)	(40, 0.011454610411184372)	(45, 0.008702167618205602)	(50, 0.005421478228594544)	(55, 0.011093178529278068)	(60, 0.007617871972486694)	(65, 0.009425031382018207)	(70, 0.007395452352852046)	(75, 0.006394564064496129)	(80, 0.007173032733217398)	(85, 0.005921922372772503)	(90, 0.007339847447943383)	(95, 0.0022519986488008107)	(100, 0.011788239840636342)	(105, 0.011093178529278068)	(110, 0.008785574975568596)	(115, 0.004364985035329966)	(120, 0.00558829294332053)	(125, 0.0038367384386976777)	(130, 0.0023632084586181347)	(135, 0.0033362942945197194)	(140, 0.0056160953957748614)	(145, 0.0036699237239716915)	(150, 0.009925475526196166)	(155, 0.004253775225512643)	(160, 0.0034475041043370435)	(165, 0.0006672588589039438)	(170, 0.0026968378880701067)	(175, 0.0005004441441779579)	(180, 0.005560490490866199)	(185, 0.00044483923926929593)	(190, 0.007395452352852046)	(195, 0.0028358501503417616)	(200, 0.0005838515015409509)	(205, 0.000639456406449613)	(210, 0.010509327027737117)	(215, 0.000305826976997641)	(220, 0.005894119920318171)	(225, 0.004559602202510283)	(230, 0.004031355605877995)	(235, 0.008229525926481974)	(240, 0.0040035531534236635)	(245, 0.014985521872884407)	(250, 0.023215047799366385)
SRR908431_1	(1, 0.025565488949809045)	(2, 0.0005899728219186703)	(3, 0.00019665760730622344)	(4, 0.002163233680368458)	(5, 0.007079673863024043)	(6, 0.03382510845667043)	(7, 0.0025565488949809046)	(8, 0.00019665760730622344)	(9, 0.0)	(10, 0.0017699184657560107)	(15, 0.0007079673863024043)	(20, 0.0002359891287674681)	(25, 0.001376603251143564)	(30, 0.0)	(35, 0.0010226195579923617)	(40, 0.0008259619506861384)	(45, 0.004011815189046958)	(50, 0.0009439565150698724)	(55, 0.0011799456438373406)	(60, 0.0012192771652985853)	(65, 0.0024385543305971706)	(70, 0.003618499974434511)	(75, 0.007551652120558979)	(80, 7.866304292248936e-05)	(85, 0.00035398369315120217)	(90, 0.0019272445516009895)	(95, 0.00019665760730622344)	(100, 0.0006686358648411596)	(105, 0.004719782575349362)	(110, 0.0010619510794536067)	(115, 0.00035398369315120217)	(120, 0.0012192771652985853)	(125, 0.0015732608584497875)	(130, 0.0)	(135, 0.00011799456438373405)	(140, 0.004483793446581894)	(145, 0.005427749961651767)	(150, 0.00031465217168995745)	(155, 0.008574271678551341)	(160, 0.0033038478027445535)	(165, 0.00011799456438373405)	(170, 7.866304292248936e-05)	(175, 0.007040342341562798)	(180, 0.0009046249936086277)	(185, 0.0005506413004574256)	(190, 0.0005506413004574256)	(195, 0.008849592328780053)	(200, 0.00043264673607369155)	(205, 0.002163233680368458)	(210, 0.02269428788313818)	(215, 0.0027925380237483724)	(220, 0.0017699184657560107)	(225, 0.006725690169872842)	(230, 0.0072763314703302665)	(235, 0.002241896723290947)	(240, 0.0002753206502287128)	(245, 0.007512320599097734)	(250, 0.004916440182655585)
SRR908431_2	(1, 0.006686358648411597)	(2, 0.0060963858264929255)	(3, 0.0035398369315120214)	(4, 0.02064904876715346)	(5, 0.013569374904129418)	(6, 0.013569374904129418)	(7, 0.0035398369315120214)	(8, 0.002359891287674681)	(9, 0.010816168401842288)	(10, 0.0018485815086785003)	(15, 0.004051146710508202)	(20, 0.004995103225578075)	(25, 0.009203576021931255)	(30, 0.014159347726048085)	(35, 0.009714885800927437)	(40, 0.00983288036531117)	(45, 0.010344190144307352)	(50, 0.005309755397268033)	(55, 0.011012826009148512)	(60, 0.0060177227835704365)	(65, 0.0072763314703302665)	(70, 0.008692266242935075)	(75, 0.00696167929864031)	(80, 0.005781733654802969)	(85, 0.007708978206403958)	(90, 0.007590983642020224)	(95, 0.002989195631054596)	(100, 0.011524135788144693)	(105, 0.011288146659377225)	(110, 0.00881026080731881)	(115, 0.005113097789961809)	(120, 0.007551652120558979)	(125, 0.004051146710508202)	(130, 0.0035791684529732663)	(135, 0.004719782575349362)	(140, 0.006135717347954171)	(145, 0.0035005054100507773)	(150, 0.009164244500470013)	(155, 0.004011815189046958)	(160, 0.0036971630173570007)	(165, 0.0012192771652985853)	(170, 0.0020845706374459684)	(175, 0.0011406141223760959)	(180, 0.004995103225578075)	(185, 0.0005899728219186703)	(190, 0.007944967335171426)	(195, 0.0029105325881321068)	(200, 0.0009046249936086277)	(205, 0.0010226195579923617)	(210, 0.010462184708691088)	(215, 0.0004719782575349362)	(220, 0.004247804317814427)	(225, 0.004483793446581894)	(230, 0.003972483667585713)	(235, 0.010304858622846108)	(240, 0.00444446192512065)	(245, 0.015103304241117959)	(250, 0.021927323214643912)
SRR908432_1	(1, 0.028797766464756906)	(2, 0.0007321466050361925)	(3, 0.0)	(4, 0.0007321466050361925)	(5, 0.00683336831367113)	(6, 0.03270254835828326)	(7, 0.002684537551799372)	(8, 0.0)	(9, 0.0)	(10, 0.0016595323047487029)	(15, 0.0011226247943888284)	(20, 0.00014642932100723848)	(25, 0.0012202443417269875)	(30, 0.0)	(35, 0.0011714345680579078)	(40, 0.0008297661523743514)	(45, 0.0044904991775553136)	(50, 0.0008297661523743514)	(55, 0.0009761954733815899)	(60, 0.0011714345680579078)	(65, 0.002586918004461213)	(70, 0.0033190646094974057)	(75, 0.007223846503023766)	(80, 0.00014642932100723848)	(85, 0.00029285864201447696)	(90, 0.0015619127574105437)	(95, 0.00019523909467631797)	(100, 0.0008785759260434309)	(105, 0.004685738272231631)	(110, 0.0009761954733815899)	(115, 0.00039047818935263593)	(120, 0.0015131029837414643)	(125, 0.0016107225310796234)	(130, 9.761954733815898e-05)	(135, 0.00029285864201447696)	(140, 0.003807162346188201)	(145, 0.006540509671656652)	(150, 0.0007809563787052719)	(155, 0.009029808128779708)	(160, 0.003172635288490167)	(165, 0.00019523909467631797)	(170, 0.0)	(175, 0.006686938992663891)	(180, 0.0007809563787052719)	(185, 0.00029285864201447696)	(190, 0.0008297661523743514)	(195, 0.007516705145038243)	(200, 0.0007809563787052719)	(205, 0.002684537551799372)	(210, 0.02020724629899891)	(215, 0.0023916789097848954)	(220, 0.0017083420784177825)	(225, 0.006247651029642175)	(230, 0.006247651029642175)	(235, 0.002538108230792134)	(240, 0.0003416684156835565)	(245, 0.006491699897987573)	(250, 0.004514904064389854)
SRR908432_2	(1, 0.007077417182016527)	(2, 0.00585717284028954)	(3, 0.003416684156835565)	(4, 0.022940593624467362)	(5, 0.012934590022306068)	(6, 0.010982199075542886)	(7, 0.004636928498562552)	(8, 0.002196439815108577)	(9, 0.010982199075542886)	(10, 0.0020012007204322593)	(15, 0.0030750157411520078)	(20, 0.004100020988202678)	(25, 0.009957193828492217)	(30, 0.01532626893209096)	(35, 0.010640530659859329)	(40, 0.010054813375830376)	(45, 0.008151232202736275)	(50, 0.00488097736690795)	(55, 0.010152432923168536)	(60, 0.005661933745613222)	(65, 0.0067845585400020504)	(70, 0.007028607408347447)	(75, 0.005564314198275063)	(80, 0.00585717284028954)	(85, 0.006198841255973095)	(90, 0.007370275824031004)	(95, 0.002635727778130293)	(100, 0.009957193828492217)	(105, 0.008297661523743515)	(110, 0.006930987861009288)	(115, 0.004783357819569791)	(120, 0.005661933745613222)	(125, 0.0033678743831664854)	(130, 0.002538108230792134)	(135, 0.0033678743831664854)	(140, 0.005759553292951381)	(145, 0.00385597211985728)	(150, 0.009029808128779708)	(155, 0.0035631134778428032)	(160, 0.0029773961938138493)	(165, 0.0005857172840289539)	(170, 0.0015619127574105437)	(175, 0.0005857172840289539)	(180, 0.004539308951224393)	(185, 0.0003416684156835565)	(190, 0.0071262269556856064)	(195, 0.002586918004461213)	(200, 0.0003416684156835565)	(205, 0.0009273856997125105)	(210, 0.010103623149499455)	(215, 0.00024404886834539748)	(220, 0.004978596914246109)	(225, 0.003172635288490167)	(230, 0.0035631134778428032)	(235, 0.008932188581441548)	(240, 0.00385597211985728)	(245, 0.013227448664320542)	(250, 0.021354275980222277)
SRR908433_1	(1, 0.025359915727049275)	(2, 0.0007803050992938238)	(3, 0.0)	(4, 0.0015606101985876477)	(5, 0.004681830595762944)	(6, 0.0358940345675159)	(7, 0.0015606101985876477)	(8, 0.0)	(9, 0.0)	(10, 0.0012484881588701183)	(15, 0.0010924271390113534)	(20, 7.80305099293824e-05)	(25, 0.001170457648940736)	(30, 7.80305099293824e-05)	(35, 0.0015606101985876477)	(40, 0.0012484881588701183)	(45, 0.004603800085833561)	(50, 0.0014825796886582653)	(55, 0.001014396629081971)	(60, 0.0010924271390113534)	(65, 0.002340915297881472)	(70, 0.003043189887245913)	(75, 0.007022745893644415)	(80, 0.00023409152978814718)	(85, 0.00023409152978814718)	(90, 0.0019507627482345598)	(95, 0.00046818305957629436)	(100, 0.001170457648940736)	(105, 0.004291678046116031)	(110, 0.0007022745893644415)	(115, 0.0005462135695056767)	(120, 0.001404549178728883)	(125, 0.0014825796886582653)	(130, 0.0)	(135, 0.00023409152978814718)	(140, 0.003745464476610355)	(145, 0.005462135695056767)	(150, 0.00023409152978814718)	(155, 0.008661386602161446)	(160, 0.003199250907104678)	(165, 0.00023409152978814718)	(170, 7.80305099293824e-05)	(175, 0.007022745893644415)	(180, 0.0012484881588701183)	(185, 0.0005462135695056767)	(190, 0.0008583356092232064)	(195, 0.007725020483008857)	(200, 0.0007803050992938238)	(205, 0.0024189458078108543)	(210, 0.020990207171003864)	(215, 0.003043189887245913)	(220, 0.0017947017283757951)	(225, 0.006008349264562444)	(230, 0.00655456283406812)	(235, 0.0031212203971752953)	(240, 0.0003901525496469119)	(245, 0.006944715383715033)	(250, 0.004681830595762944)
SRR908433_2	(1, 0.007022745893644415)	(2, 0.007803050992938239)	(3, 0.0035113729468222075)	(4, 0.02184854278022707)	(5, 0.016776559634817213)	(6, 0.014825796886582655)	(7, 0.0027310678475283836)	(8, 0.0019507627482345598)	(9, 0.010924271390113535)	(10, 0.002028793258163942)	(15, 0.004135617026257267)	(20, 0.00491592212555109)	(25, 0.009207600171667121)	(30, 0.014591705356794507)	(35, 0.009363661191525888)	(40, 0.010378057820607859)	(45, 0.011392454449689829)	(50, 0.0064765323241387385)	(55, 0.012328820568842418)	(60, 0.005852288244703679)	(65, 0.008583356092232063)	(70, 0.008271234052514533)	(75, 0.00522804416526862)	(80, 0.005930318754633061)	(85, 0.005852288244703679)	(90, 0.0064765323241387385)	(95, 0.003043189887245913)	(100, 0.008115173032655769)	(105, 0.007959112012797004)	(110, 0.006086379774491826)	(115, 0.0034333424368928256)	(120, 0.004447739065974796)	(125, 0.0027310678475283836)	(130, 0.0022628847879520896)	(135, 0.00327728141703406)	(140, 0.004993952635480473)	(145, 0.0034333424368928256)	(150, 0.008973508641878975)	(155, 0.004291678046116031)	(160, 0.0035894034567515902)	(165, 0.0013265186687995006)	(170, 0.0017947017283757951)	(175, 0.001170457648940736)	(180, 0.004993952635480473)	(185, 0.0005462135695056767)	(190, 0.007256837423432562)	(195, 0.0024969763177402366)	(200, 0.0009363661191525887)	(205, 0.0006242440794350592)	(210, 0.009363661191525888)	(215, 0.0006242440794350592)	(220, 0.0048378916156217085)	(225, 0.003745464476610355)	(230, 0.0039015254964691196)	(235, 0.008583356092232063)	(240, 0.004681830595762944)	(245, 0.01724474269439351)	(250, 0.020483008856462877)
SRR908434_1	(1, 0.029815481548154815)	(2, 0.0011251125112511251)	(3, 0.0)	(4, 0.0)	(5, 0.003937893789378938)	(6, 0.04162916291629162)	(7, 0.0011251125112511251)	(8, 0.0)	(9, 0.0)	(10, 0.0016876687668766876)	(15, 0.0012376237623762376)	(20, 0.0)	(25, 0.002362736273627363)	(30, 0.0)	(35, 0.0009000900090009002)	(40, 0.0009000900090009002)	(45, 0.006188118811881188)	(50, 0.0018001800180018003)	(55, 0.0013501350135013501)	(60, 0.0020252025202520253)	(65, 0.0027002700270027003)	(70, 0.0019126912691269126)	(75, 0.008325832583258325)	(80, 0.00022502250225022504)	(85, 0.0004500450045004501)	(90, 0.0028127812781278128)	(95, 0.00011251125112511252)	(100, 0.00033753375337533753)	(105, 0.004500450045004501)	(110, 0.002137713771377138)	(115, 0.0009000900090009002)	(120, 0.0009000900090009002)	(125, 0.0025877587758775878)	(130, 0.0)	(135, 0.0004500450045004501)	(140, 0.004387938793879388)	(145, 0.008100810081008101)	(150, 0.0007875787578757877)	(155, 0.008100810081008101)	(160, 0.004162916291629163)	(165, 0.0004500450045004501)	(170, 0.0)	(175, 0.00765076507650765)	(180, 0.0015751575157515753)	(185, 0.0010126012601260127)	(190, 0.0009000900090009002)	(195, 0.010688568856885688)	(200, 0.00033753375337533753)	(205, 0.0030378037803780377)	(210, 0.022164716471647163)	(215, 0.003937893789378938)	(220, 0.0025877587758775878)	(225, 0.007425742574257425)	(230, 0.009900990099009901)	(235, 0.0046129612961296135)	(240, 0.0004500450045004501)	(245, 0.010913591359135912)	(250, 0.007031953195319532)
SRR908434_2	(1, 0.011813681368136814)	(2, 0.0073132313231323125)	(3, 0.004500450045004501)	(4, 0.023064806480648063)	(5, 0.011813681368136814)	(6, 0.009563456345634564)	(7, 0.0005625562556255626)	(8, 0.0016876687668766876)	(9, 0.01575157515751575)	(10, 0.002362736273627363)	(15, 0.004275427542754276)	(20, 0.0046129612961296135)	(25, 0.009563456345634564)	(30, 0.014176417641764177)	(35, 0.009000900090009001)	(40, 0.012601260126012603)	(45, 0.009675967596759675)	(50, 0.004387938793879388)	(55, 0.010913591359135912)	(60, 0.006863186318631863)	(65, 0.008213321332133214)	(70, 0.007088208820882088)	(75, 0.009450945094509451)	(80, 0.007988298829882988)	(85, 0.006188118811881188)	(90, 0.009338433843384338)	(95, 0.0033753375337533752)	(100, 0.011926192619261925)	(105, 0.01113861386138614)	(110, 0.009788478847884788)	(115, 0.004837983798379838)	(120, 0.006863186318631863)	(125, 0.004837983798379838)	(130, 0.004387938793879388)	(135, 0.0046129612961296135)	(140, 0.008550855085508551)	(145, 0.0050630063006300635)	(150, 0.013726372637263727)	(155, 0.005513051305130513)	(160, 0.004387938793879388)	(165, 0.0015751575157515753)	(170, 0.0027002700270027003)	(175, 0.0013501350135013501)	(180, 0.0073132313231323125)	(185, 0.0009000900090009002)	(190, 0.009450945094509451)	(195, 0.0054005400540054005)	(200, 0.0018001800180018003)	(205, 0.0009000900090009002)	(210, 0.01518901890189019)	(215, 0.00033753375337533753)	(220, 0.007425742574257425)	(225, 0.003937893789378938)	(230, 0.0054005400540054005)	(235, 0.010688568856885688)	(240, 0.004162916291629163)	(245, 0.01485148514851485)	(250, 0.02925292529252925)
SRR908435_1	(1, 0.027706787749464473)	(2, 0.0008270682910287902)	(3, 0.0)	(4, 0.0008270682910287902)	(5, 0.002894739018600766)	(6, 0.03804514138732435)	(7, 0.002894739018600766)	(8, 0.0)	(9, 0.0)	(10, 0.0016541365820575804)	(15, 0.0013233092656460646)	(20, 0.00016541365820575807)	(25, 0.0012406024365431854)	(30, 0.0)	(35, 0.0010751887783374274)	(40, 0.0004962409746172742)	(45, 0.004796996087966983)	(50, 0.0006616546328230323)	(55, 0.0008270682910287902)	(60, 0.0009924819492345483)	(65, 0.0025639117021892498)	(70, 0.002646618531292129)	(75, 0.007278200961053354)	(80, 0.0)	(85, 0.0)	(90, 0.0016541365820575804)	(95, 0.0002481204873086371)	(100, 0.0005789478037201532)	(105, 0.005375943891687137)	(110, 0.0007443614619259113)	(115, 0.00033082731641151614)	(120, 0.0014060160947489434)	(125, 0.0016541365820575804)	(130, 0.00016541365820575807)	(135, 0.00033082731641151614)	(140, 0.004383461942452588)	(145, 0.0055413575498928945)	(150, 8.270682910287903e-05)	(155, 0.008187976081185024)	(160, 0.00339097999321804)	(165, 0.00016541365820575807)	(170, 0.0)	(175, 0.0075263214483619915)	(180, 0.0004135341455143951)	(185, 0.00016541365820575807)	(190, 0.00016541365820575807)	(195, 0.007774441935670628)	(200, 0.00016541365820575807)	(205, 0.002894739018600766)	(210, 0.020594000446616877)	(215, 0.002150377556674855)	(220, 0.0009097751201316693)	(225, 0.003969927796938193)	(230, 0.007360907790156234)	(235, 0.0027293253603950076)	(240, 0.00016541365820575807)	(245, 0.0076917351065677484)	(250, 0.004135341455143951)
SRR908435_2	(1, 0.007443614619259112)	(2, 0.0062030121827159265)	(3, 0.0033082731641151607)	(4, 0.02729325360395008)	(5, 0.011992490219917457)	(6, 0.013233092656460643)	(7, 0.003721807309629556)	(8, 0.002481204873086371)	(9, 0.009924819492345483)	(10, 0.0022330843857777337)	(15, 0.003969927796938193)	(20, 0.0035563936514237983)	(25, 0.00926316485952245)	(30, 0.013398506314666402)	(35, 0.00942857851772821)	(40, 0.009511285346831088)	(45, 0.008022562422979265)	(50, 0.005375943891687137)	(55, 0.01033835363785988)	(60, 0.005706771208098653)	(65, 0.008766923884905176)	(70, 0.007030080473744717)	(75, 0.005872184866304411)	(80, 0.008022562422979265)	(85, 0.006699253157333201)	(90, 0.007443614619259112)	(95, 0.002812032189497887)	(100, 0.012571438023637613)	(105, 0.012323317536328975)	(110, 0.009676699005036846)	(115, 0.005458650720790015)	(120, 0.005872184866304411)	(125, 0.003473686822320919)	(130, 0.0025639117021892498)	(135, 0.0040526346260410726)	(140, 0.0066165463282303215)	(145, 0.004135341455143951)	(150, 0.011578956074403063)	(155, 0.004714289258864105)	(160, 0.002646618531292129)	(165, 0.0007443614619259113)	(170, 0.0009924819492345483)	(175, 8.270682910287903e-05)	(180, 0.004714289258864105)	(185, 8.270682910287903e-05)	(190, 0.0076917351065677484)	(195, 0.002481204873086371)	(200, 0.0005789478037201532)	(205, 0.0005789478037201532)	(210, 0.010669180954271393)	(215, 0.0002481204873086371)	(220, 0.004548875600658346)	(225, 0.0023984980439834915)	(230, 0.0025639117021892498)	(235, 0.008353389739390782)	(240, 0.003969927796938193)	(245, 0.012736851681843369)	(250, 0.02191730971226294)
SRR908436_1	(1, 0.027826884043737315)	(2, 0.000409218882996137)	(3, 0.0)	(4, 0.001636875531984548)	(5, 0.00409218882996137)	(6, 0.02946375957572186)	(7, 0.0028645321809729588)	(8, 0.0)	(9, 0.0)	(10, 0.001227656648988411)	(15, 0.000818437765992274)	(20, 8.18437765992274e-05)	(25, 0.0013913442021868656)	(30, 0.0)	(35, 0.0007365939893930466)	(40, 0.0002455313297976822)	(45, 0.0037648137235644606)	(50, 0.0003273751063969096)	(55, 0.0007365939893930466)	(60, 0.0011458128723891836)	(65, 0.0007365939893930466)	(70, 0.0017187193085837753)	(75, 0.0063838145747397365)	(80, 0.0)	(85, 0.0001636875531984548)	(90, 0.0018005630851830028)	(95, 0.0002455313297976822)	(100, 0.0003273751063969096)	(105, 0.0034374386171675507)	(110, 0.0011458128723891836)	(115, 0.0006547502127938192)	(120, 0.0010639690957899562)	(125, 0.0015550317553853206)	(130, 0.0001636875531984548)	(135, 0.000409218882996137)	(140, 0.0028645321809729588)	(145, 0.0052380017023505535)	(150, 0.0002455313297976822)	(155, 0.007857002553525831)	(160, 0.0027008446277745042)	(165, 8.18437765992274e-05)	(170, 0.0001636875531984548)	(175, 0.0063838145747397365)	(180, 0.000982125319190729)	(185, 0.0002455313297976822)	(190, 0.0)	(195, 0.0057290643619459175)	(200, 0.000409218882996137)	(205, 0.002455313297976822)	(210, 0.01661428664964316)	(215, 0.0027008446277745042)	(220, 0.0014731879787860931)	(225, 0.004746939042755189)	(230, 0.006138283244942054)	(235, 0.0025371570745760493)	(240, 8.18437765992274e-05)	(245, 0.006547502127938192)	(250, 0.004296798271459438)
SRR908436_2	(1, 0.009412034308911152)	(2, 0.00531984547894978)	(3, 0.003273751063969096)	(4, 0.020870163032802987)	(5, 0.009821253191907287)	(6, 0.009821253191907287)	(7, 0.001636875531984548)	(8, 0.001227656648988411)	(9, 0.011458128723891835)	(10, 0.0017187193085837753)	(15, 0.0031919072873698683)	(20, 0.0028645321809729588)	(25, 0.01096706606429647)	(30, 0.015059254894257842)	(35, 0.00973940941530806)	(40, 0.01006678452170497)	(45, 0.006874877234335101)	(50, 0.004337720159759052)	(55, 0.008102533883323512)	(60, 0.007529627447128921)	(65, 0.0076933150003273745)	(70, 0.006793033457735873)	(75, 0.0060564394683428275)	(80, 0.008429908989720422)	(85, 0.006629345904537419)	(90, 0.007611471223728148)	(95, 0.0031919072873698683)	(100, 0.011867347606887972)	(105, 0.010312315851502652)	(110, 0.009984940745105742)	(115, 0.006629345904537419)	(120, 0.0060564394683428275)	(125, 0.005156157925751326)	(130, 0.0026190008511752768)	(135, 0.005156157925751326)	(140, 0.0067111896811366464)	(145, 0.0050743141491520986)	(150, 0.012112878936685655)	(155, 0.003928501276762916)	(160, 0.00220978196817914)	(165, 0.0004910626595953644)	(170, 0.002455313297976822)	(175, 0.0002455313297976822)	(180, 0.00409218882996137)	(185, 0.0001636875531984548)	(190, 0.005810908138545145)	(195, 0.00220978196817914)	(200, 0.0002455313297976822)	(205, 0.0006547502127938192)	(210, 0.009657565638708832)	(215, 0.0003273751063969096)	(220, 0.00564722058534669)	(225, 0.0031919072873698683)	(230, 0.0034374386171675507)	(235, 0.00564722058534669)	(240, 0.0036829699469652327)	(245, 0.011785503830288745)	(250, 0.021893210240293327)
SRR908437_1	(1, 0.018216871859487196)	(2, 0.0)	(3, 0.0)	(4, 0.0)	(5, 0.009108435929743598)	(6, 0.028843380444188056)	(7, 0.0015180726549572662)	(8, 0.0)	(9, 0.0)	(10, 0.0009108435929743597)	(15, 0.001214458123965813)	(20, 0.0)	(25, 0.002125301716940173)	(30, 0.0)	(35, 0.0006072290619829065)	(40, 0.0009108435929743597)	(45, 0.006072290619829065)	(50, 0.0015180726549572662)	(55, 0.0015180726549572662)	(60, 0.0015180726549572662)	(65, 0.0030361453099145325)	(70, 0.0018216871859487193)	(75, 0.007893977805777785)	(80, 0.0)	(85, 0.00030361453099145324)	(90, 0.0033397598409059858)	(95, 0.0009108435929743597)	(100, 0.00030361453099145324)	(105, 0.0033397598409059858)	(110, 0.001214458123965813)	(115, 0.00030361453099145324)	(120, 0.0006072290619829065)	(125, 0.002428916247931626)	(130, 0.00030361453099145324)	(135, 0.0)	(140, 0.004857832495863252)	(145, 0.006983134212803425)	(150, 0.0)	(155, 0.008804821398752143)	(160, 0.003946988902888892)	(165, 0.0006072290619829065)	(170, 0.00030361453099145324)	(175, 0.006072290619829065)	(180, 0.001214458123965813)	(185, 0.00030361453099145324)	(190, 0.0006072290619829065)	(195, 0.008197592336769238)	(200, 0.00030361453099145324)	(205, 0.002125301716940173)	(210, 0.02094940263841027)	(215, 0.0033397598409059858)	(220, 0.0030361453099145325)	(225, 0.008501206867760692)	(230, 0.007590363274786331)	(235, 0.0036433743718974386)	(240, 0.0)	(245, 0.005768676088837612)	(250, 0.005313254292350432)
SRR908437_2	(1, 0.013662653894615398)	(2, 0.0030361453099145325)	(3, 0.0015180726549572662)	(4, 0.022771089824358996)	(5, 0.01214458123965813)	(6, 0.006072290619829065)	(7, 0.0015180726549572662)	(8, 0.0015180726549572662)	(9, 0.01214458123965813)	(10, 0.0018216871859487193)	(15, 0.004554217964871799)	(20, 0.0051614470268547055)	(25, 0.005768676088837612)	(30, 0.008501206867760692)	(35, 0.006983134212803425)	(40, 0.007590363274786331)	(45, 0.00941205046073505)	(50, 0.004554217964871799)	(55, 0.01123373764668377)	(60, 0.0036433743718974386)	(65, 0.004857832495863252)	(70, 0.004857832495863252)	(75, 0.0051614470268547055)	(80, 0.005465061557846158)	(85, 0.010019279522717958)	(90, 0.008501206867760692)	(95, 0.006072290619829065)	(100, 0.016698799204529928)	(105, 0.016091570142547022)	(110, 0.01305542483263249)	(115, 0.004857832495863252)	(120, 0.006983134212803425)	(125, 0.007893977805777785)	(130, 0.003946988902888892)	(135, 0.006072290619829065)	(140, 0.008501206867760692)	(145, 0.0066795196818119715)	(150, 0.009108435929743598)	(155, 0.008197592336769238)	(160, 0.004250603433880346)	(165, 0.002428916247931626)	(170, 0.0030361453099145325)	(175, 0.0015180726549572662)	(180, 0.005768676088837612)	(185, 0.0009108435929743597)	(190, 0.008197592336769238)	(195, 0.0030361453099145325)	(200, 0.0018216871859487193)	(205, 0.002428916247931626)	(210, 0.01305542483263249)	(215, 0.0015180726549572662)	(220, 0.006375905150820519)	(225, 0.004554217964871799)	(230, 0.004857832495863252)	(235, 0.011840966708666677)	(240, 0.0033397598409059858)	(245, 0.014269882956598303)	(250, 0.025048198806794895)
SRR908438_1	(1, 0.028491579558652728)	(2, 0.0014518002322880372)	(3, 0.0003629500580720093)	(4, 0.0014518002322880372)	(5, 0.005807200929152149)	(6, 0.0350246806039489)	(7, 0.002540650406504065)	(8, 0.00018147502903600465)	(9, 0.0)	(10, 0.0015969802555168408)	(15, 0.0011251451800232289)	(20, 0.00018147502903600465)	(25, 0.0011977351916376306)	(30, 0.0)	(35, 0.001052555168408827)	(40, 0.000508130081300813)	(45, 0.0045005807200929155)	(50, 0.0009073751451800233)	(55, 0.0006533101045296168)	(60, 0.0009436701509872242)	(65, 0.0014155052264808363)	(70, 0.003157665505226481)	(75, 0.0076582462253193965)	(80, 7.259001161440186e-05)	(85, 0.00010888501742160279)	(90, 0.0019236353077816493)	(95, 0.00018147502903600465)	(100, 0.0007259001161440186)	(105, 0.0042465156794425085)	(110, 0.001016260162601626)	(115, 0.0003992450638792102)	(120, 0.0010888501742160278)	(125, 0.001524390243902439)	(130, 7.259001161440186e-05)	(135, 0.0003629500580720093)	(140, 0.0036657955865272937)	(145, 0.005589430894308943)	(150, 0.0004718350754936121)	(155, 0.009110046457607435)	(160, 0.0036657955865272937)	(165, 0.00014518002322880372)	(170, 0.0)	(175, 0.008057491289198606)	(180, 0.0007259001161440186)	(185, 0.0006533101045296168)	(190, 0.0002540650406504065)	(195, 0.007767131242740999)	(200, 0.0003266550522648084)	(205, 0.0028310104529616726)	(210, 0.0195630081300813)	(215, 0.002685830429732869)	(220, 0.001016260162601626)	(225, 0.006279036004645761)	(230, 0.007440476190476191)	(235, 0.0027947154471544716)	(240, 0.00018147502903600465)	(245, 0.008311556329849014)	(250, 0.005353513356562137)
SRR908438_2	(1, 0.00979965156794425)	(2, 0.007803426248548201)	(3, 0.0029036004645760743)	(4, 0.022321428571428572)	(5, 0.012703252032520327)	(6, 0.009255226480836237)	(7, 0.003085075493612079)	(8, 0.001996225319396051)	(9, 0.011251451800232288)	(10, 0.0019236353077816493)	(15, 0.003992450638792102)	(20, 0.0035206155632984903)	(25, 0.00932781649245064)	(30, 0.015860917537746808)	(35, 0.009110046457607435)	(40, 0.00932781649245064)	(45, 0.008130081300813007)	(50, 0.0042465156794425085)	(55, 0.010090011614401859)	(60, 0.005879790940766551)	(65, 0.007876016260162603)	(70, 0.006315331010452962)	(75, 0.00620644599303136)	(80, 0.00820267131242741)	(85, 0.007113821138211382)	(90, 0.007549361207897794)	(95, 0.002105110336817654)	(100, 0.012340301974448315)	(105, 0.009872241579558653)	(110, 0.008420441347270616)	(115, 0.0046820557491289196)	(120, 0.0057346109175377465)	(125, 0.003992450638792102)	(130, 0.0022502903600464578)	(135, 0.0039198606271777)	(140, 0.006170150987224158)	(145, 0.0038109756097560975)	(150, 0.010198896631823462)	(155, 0.004427990708478513)	(160, 0.003157665505226481)	(165, 0.0009436701509872242)	(170, 0.002032520325203252)	(175, 0.000508130081300813)	(180, 0.005262775842044135)	(185, 0.00021777003484320557)	(190, 0.0070412311265969805)	(195, 0.0027947154471544716)	(200, 0.0003992450638792102)	(205, 0.0007621951219512195)	(210, 0.010198896631823462)	(215, 0.00018147502903600465)	(220, 0.0052990708478513355)	(225, 0.0033754355400696864)	(230, 0.0035206155632984903)	(235, 0.008311556329849014)	(240, 0.004210220673635308)	(245, 0.014372822299651568)	(250, 0.023138066202090593)
SRR908439_1	(1, 0.024297470459771778)	(2, 0.001157022402846275)	(3, 0.0)	(4, 0.0014462780035578437)	(5, 0.0060743676149429444)	(6, 0.03673546129036923)	(7, 0.0020247892049809813)	(8, 0.0)	(9, 0.0)	(10, 0.00185123584455404)	(15, 0.0012148735229885888)	(20, 0.00040495784099619625)	(25, 0.00092561792227702)	(30, 0.0)	(35, 0.00138842688341553)	(40, 0.0009834690424193337)	(45, 0.0035867694488234524)	(50, 0.001619831363984785)	(55, 0.001157022402846275)	(60, 0.0010413201625616476)	(65, 0.001909086964696354)	(70, 0.002545449286261805)	(75, 0.00647932545593914)	(80, 5.785112014231375e-05)	(85, 0.0003471067208538825)	(90, 0.0014462780035578437)	(95, 5.785112014231375e-05)	(100, 0.0008677668021347064)	(105, 0.004859494091954355)	(110, 0.0005206600812808238)	(115, 0.0003471067208538825)	(120, 0.0016776824841270989)	(125, 0.0010413201625616476)	(130, 0.0001157022402846275)	(135, 0.00040495784099619625)	(140, 0.0030082582474003153)	(145, 0.005380154173235179)	(150, 0.0003471067208538825)	(155, 0.008561965781062435)	(160, 0.003123960487684943)	(165, 0.00017355336042694126)	(170, 0.0)	(175, 0.00740494337821616)	(180, 0.0005785112014231375)	(185, 0.000694213441707765)	(190, 0.0005785112014231375)	(195, 0.007115687777504592)	(200, 0.00046280896113851)	(205, 0.0028925560071156875)	(210, 0.019033018526821224)	(215, 0.001619831363984785)	(220, 0.0015041291237001576)	(225, 0.00509089857252361)	(230, 0.005322303053092866)	(235, 0.0019669380848386674)	(240, 0.0005206600812808238)	(245, 0.006595027696223768)	(250, 0.003326439408183041)
SRR908439_2	(1, 0.005785112014231375)	(2, 0.004049578409961963)	(3, 0.0014462780035578437)	(4, 0.022272681254790795)	(5, 0.012148735229885889)	(6, 0.010702457226328045)	(7, 0.0028925560071156875)	(8, 0.0005785112014231375)	(9, 0.008099156819923925)	(10, 0.001619831363984785)	(15, 0.00370247168910808)	(20, 0.003818173929392708)	(25, 0.00815700794006624)	(30, 0.012322288590312829)	(35, 0.008504114660920123)	(40, 0.008272710180350867)	(45, 0.008272710180350867)	(50, 0.004049578409961963)	(55, 0.00861981690120475)	(60, 0.0048016429718120415)	(65, 0.009024774742200946)	(70, 0.006652878816366082)	(75, 0.004859494091954355)	(80, 0.007347092258073847)	(85, 0.00647932545593914)	(90, 0.005206600812808238)	(95, 0.002603300406404119)	(100, 0.011223117307608868)	(105, 0.010355350505474162)	(110, 0.007520645618500788)	(115, 0.004859494091954355)	(120, 0.006132218735085258)	(125, 0.0028925560071156875)	(130, 0.002661151526546433)	(135, 0.0035867694488234524)	(140, 0.005495856413519806)	(145, 0.002545449286261805)	(150, 0.00971898818390871)	(155, 0.0046280896113851)	(160, 0.0041074295301042766)	(165, 0.001157022402846275)	(170, 0.002371895925834864)	(175, 0.0012148735229885888)	(180, 0.003933876169677335)	(185, 0.0005206600812808238)	(190, 0.00786775233935467)	(195, 0.0029504071272580014)	(200, 0.0008677668021347064)	(205, 0.0010991712827039613)	(210, 0.00971898818390871)	(215, 0.000231404480569255)	(220, 0.003818173929392708)	(225, 0.003991727289819649)	(230, 0.003297513848111884)	(235, 0.00861981690120475)	(240, 0.003760322809250394)	(245, 0.011917330749316633)	(250, 0.019235497447319325)
SRR908440_1	(1, 0.024157817366900706)	(2, 0.0)	(3, 0.0)	(4, 0.0015419883425681301)	(5, 0.006681949484461897)	(6, 0.03700772022163513)	(7, 0.002055984456757507)	(8, 0.0)	(9, 0.0)	(10, 0.001747586788243881)	(15, 0.0011307914512166289)	(20, 0.00010279922283787534)	(25, 0.0012335906740545042)	(30, 0.00010279922283787534)	(35, 0.0012335906740545042)	(40, 0.0013363898968923795)	(45, 0.004111968913515014)	(50, 0.0006167953370272521)	(55, 0.0015419883425681301)	(60, 0.0010279922283787536)	(65, 0.0024671813481090083)	(70, 0.002672779793784759)	(75, 0.008018339381354277)	(80, 0.0006167953370272521)	(85, 0.00020559844567575068)	(90, 0.0022615829024332577)	(95, 0.0005139961141893768)	(100, 0.0005139961141893768)	(105, 0.004831563473380141)	(110, 0.0012335906740545042)	(115, 0.0008223937827030027)	(120, 0.0011307914512166289)	(125, 0.0013363898968923795)	(130, 0.00030839766851362604)	(135, 0.00041119689135150136)	(140, 0.0033923743536498864)	(145, 0.006990347152975524)	(150, 0.0013363898968923795)	(155, 0.009765926169598158)	(160, 0.004111968913515014)	(165, 0.00041119689135150136)	(170, 0.00020559844567575068)	(175, 0.007093146375813399)	(180, 0.0013363898968923795)	(185, 0.0012335906740545042)	(190, 0.0009251930055408781)	(195, 0.009560327723922409)	(200, 0.0008223937827030027)	(205, 0.0028783782394605096)	(210, 0.018915057002169066)	(215, 0.003495173576487762)	(220, 0.0012335906740545042)	(225, 0.005345559587569518)	(230, 0.009046331609733031)	(235, 0.0030839766851362602)	(240, 0.00030839766851362604)	(245, 0.009560327723922409)	(250, 0.0061679533702725204)
SRR908440_2	(1, 0.008737933941219404)	(2, 0.005139961141893768)	(3, 0.005139961141893768)	(4, 0.024157817366900706)	(5, 0.012849902854734419)	(6, 0.012849902854734419)	(7, 0.002055984456757507)	(8, 0.0010279922283787536)	(9, 0.01387789508311317)	(10, 0.0024671813481090083)	(15, 0.0031867759079741357)	(20, 0.003495173576487762)	(25, 0.011410713735004163)	(30, 0.01213030829486929)	(35, 0.009149130832570906)	(40, 0.010485520729463285)	(45, 0.007812740935678526)	(50, 0.005139961141893768)	(55, 0.01017712306094966)	(60, 0.005859555701758895)	(65, 0.006887547930137648)	(70, 0.006784748707299773)	(75, 0.007195945598651274)	(80, 0.007093146375813399)	(85, 0.005859555701758895)	(90, 0.009971524615273909)	(95, 0.0013363898968923795)	(100, 0.010896717620814785)	(105, 0.011410713735004163)	(110, 0.00884073316405728)	(115, 0.004831563473380141)	(120, 0.0063735518159482715)	(125, 0.00421476813635289)	(130, 0.0031867759079741357)	(135, 0.004009169690677139)	(140, 0.007195945598651274)	(145, 0.003803571245001388)	(150, 0.01038272150662541)	(155, 0.0037007720221635125)	(160, 0.0028783782394605096)	(165, 0.0007195945598651274)	(170, 0.0015419883425681301)	(175, 0.0009251930055408781)	(180, 0.005242760364731642)	(185, 0.0005139961141893768)	(190, 0.006681949484461897)	(195, 0.0031867759079741357)	(200, 0.0006167953370272521)	(205, 0.0006167953370272521)	(210, 0.012849902854734419)	(215, 0.00020559844567575068)	(220, 0.005242760364731642)	(225, 0.0028783782394605096)	(230, 0.004831563473380141)	(235, 0.007709941712840651)	(240, 0.0037007720221635125)	(245, 0.014597489642978299)	(250, 0.027498792109131653)
SRR908441_1	(1, 0.03525672462377363)	(2, 0.0010603526202638688)	(3, 0.0005301763101319344)	(4, 0.0002650881550659672)	(5, 0.005566851256385311)	(6, 0.04002831141496105)	(7, 0.0021207052405277376)	(8, 0.0)	(9, 0.0)	(10, 0.0015905289303958033)	(15, 0.0014314760373562228)	(20, 0.00021207052405277374)	(25, 0.0010073349892506752)	(30, 0.0)	(35, 0.0007422468341847081)	(40, 0.00047715867911874094)	(45, 0.0036051989088971537)	(50, 0.0007422468341847081)	(55, 0.0005831939411451278)	(60, 0.001219405513303449)	(65, 0.002173722871540931)	(70, 0.003075022598765219)	(75, 0.007634538865899855)	(80, 5.3017631013193436e-05)	(85, 0.0002650881550659672)	(90, 0.0015375112993826095)	(95, 0.0002650881550659672)	(100, 0.0007952644651979016)	(105, 0.00508969257726657)	(110, 0.0010073349892506752)	(115, 0.0005301763101319344)	(120, 0.0007952644651979016)	(125, 0.001219405513303449)	(130, 5.3017631013193436e-05)	(135, 0.0004241410481055475)	(140, 0.004400463374095056)	(145, 0.004877622053213796)	(150, 0.0006362115721583213)	(155, 0.010444473309599108)	(160, 0.0030220049677520257)	(165, 0.00010603526202638687)	(170, 0.00015905289303958032)	(175, 0.008429803331097756)	(180, 0.0009543173582374819)	(185, 0.00047715867911874094)	(190, 0.0006362115721583213)	(195, 0.008535838593124144)	(200, 0.0006362115721583213)	(205, 0.0031280402297784128)	(210, 0.02247947554959402)	(215, 0.0025978639196464785)	(220, 0.002067687609514544)	(225, 0.005301763101319344)	(230, 0.0065741862456359865)	(235, 0.002915969705725639)	(240, 0.00047715867911874094)	(245, 0.0068922920317151465)	(250, 0.004373954558588459)
SRR908441_2	(1, 0.008217732807044983)	(2, 0.007687556496913048)	(3, 0.002650881550659672)	(4, 0.021207052405277375)	(5, 0.015375112993826096)	(6, 0.011398790667836589)	(7, 0.0034461460158575733)	(8, 0.001325440775329836)	(9, 0.01033843804757272)	(10, 0.0013784584063430295)	(15, 0.0032870931228179932)	(20, 0.004241410481055475)	(25, 0.010603526202638687)	(30, 0.015693218779905257)	(35, 0.009914296999467172)	(40, 0.009225067796295658)	(45, 0.008005662282992208)	(50, 0.004029339957002701)	(55, 0.01108068488175743)	(60, 0.0053547807323325375)	(65, 0.006521168614622793)	(70, 0.0068922920317151465)	(75, 0.005513833625372118)	(80, 0.007846609389952628)	(85, 0.0053547807323325375)	(90, 0.006839274400701954)	(95, 0.0032340754918047995)	(100, 0.011928966977968523)	(105, 0.01203500223999491)	(110, 0.009331103058322045)	(115, 0.004824604422200602)	(120, 0.005460815994358924)	(125, 0.0030220049677520257)	(130, 0.002756916812686059)	(135, 0.0031280402297784128)	(140, 0.0050366749462533765)	(145, 0.002756916812686059)	(150, 0.009066014903256078)	(155, 0.0031280402297784128)	(160, 0.00355218127788396)	(165, 0.000848282096211095)	(170, 0.0014844936683694162)	(175, 0.0006362115721583213)	(180, 0.004294428112068669)	(185, 0.00047715867911874094)	(190, 0.00816471517603179)	(195, 0.002650881550659672)	(200, 0.0006362115721583213)	(205, 0.0009012997272242884)	(210, 0.00864187385515053)	(215, 0.00031810578607916064)	(220, 0.005142710208279763)	(225, 0.0032340754918047995)	(230, 0.00339312838484438)	(235, 0.009649208844401205)	(240, 0.0037112341709235404)	(245, 0.015322095362812904)	(250, 0.021472140560343342)
SRR908442_1	(1, 0.03482080677130765)	(2, 0.0013392617988964481)	(3, 0.0)	(4, 0.0013392617988964481)	(5, 0.0026785235977928963)	(6, 0.049552686559168585)	(7, 0.0)	(8, 0.0)	(9, 0.0)	(10, 0.0013392617988964481)	(15, 0.0010714094391171586)	(20, 0.0)	(25, 0.0013392617988964481)	(30, 0.0)	(35, 0.0005357047195585793)	(40, 0.00026785235977928965)	(45, 0.006160604274923662)	(50, 0.0005357047195585793)	(55, 0.0005357047195585793)	(60, 0.0010714094391171586)	(65, 0.0024106712380136067)	(70, 0.001607114158675738)	(75, 0.006160604274923662)	(80, 0.0)	(85, 0.0)	(90, 0.001607114158675738)	(95, 0.00026785235977928965)	(100, 0.000803557079337869)	(105, 0.006160604274923662)	(110, 0.000803557079337869)	(115, 0.000803557079337869)	(120, 0.0005357047195585793)	(125, 0.0010714094391171586)	(130, 0.00026785235977928965)	(135, 0.0005357047195585793)	(140, 0.004553490116247924)	(145, 0.004553490116247924)	(150, 0.0005357047195585793)	(155, 0.010981946750950876)	(160, 0.004553490116247924)	(165, 0.0)	(170, 0.0)	(175, 0.007232013714040821)	(180, 0.000803557079337869)	(185, 0.0)	(190, 0.00026785235977928965)	(195, 0.009642684952054427)	(200, 0.0)	(205, 0.003214228317351476)	(210, 0.024642417099694648)	(215, 0.0034820806771307653)	(220, 0.00026785235977928965)	(225, 0.004285637756468634)	(230, 0.00803557079337869)	(235, 0.0037499330369100553)	(240, 0.00026785235977928965)	(245, 0.007499866073820111)	(250, 0.006026678095034017)
SRR908442_2	(1, 0.012053356190068034)	(2, 0.012053356190068034)	(3, 0.004017785396689345)	(4, 0.026785235977928964)	(5, 0.01473187978786093)	(6, 0.013392617988964482)	(7, 0.004017785396689345)	(8, 0.0053570471955857926)	(9, 0.017410403385653826)	(10, 0.003214228317351476)	(15, 0.005089194835806504)	(20, 0.0037499330369100553)	(25, 0.016606846306315957)	(30, 0.018749665184550277)	(35, 0.010446242031392296)	(40, 0.012321208549847324)	(45, 0.006160604274923662)	(50, 0.004017785396689345)	(55, 0.010446242031392296)	(60, 0.0077677184335994)	(65, 0.010714094391171585)	(70, 0.008571275512937269)	(75, 0.00883912787271656)	(80, 0.011785503830288745)	(85, 0.0048213424760272135)	(90, 0.006696308994482241)	(95, 0.0010714094391171586)	(100, 0.010446242031392296)	(105, 0.009374832592275138)	(110, 0.007499866073820111)	(115, 0.002142818878234317)	(120, 0.0037499330369100553)	(125, 0.0034820806771307653)	(130, 0.0018749665184550277)	(135, 0.0018749665184550277)	(140, 0.0053570471955857926)	(145, 0.0034820806771307653)	(150, 0.013124765629185194)	(155, 0.0037499330369100553)	(160, 0.0029463759575721863)	(165, 0.0)	(170, 0.001607114158675738)	(175, 0.0)	(180, 0.006160604274923662)	(185, 0.0)	(190, 0.00883912787271656)	(195, 0.0029463759575721863)	(200, 0.0)	(205, 0.0)	(210, 0.008571275512937269)	(215, 0.00026785235977928965)	(220, 0.0077677184335994)	(225, 0.002142818878234317)	(230, 0.003214228317351476)	(235, 0.009106980232495848)	(240, 0.004285637756468634)	(245, 0.01526758450741951)	(250, 0.0220978196817914)
SRR908443_1	(1, 0.02798423006329374)	(2, 0.0008230655900968749)	(3, 0.0)	(4, 0.0021948415735916662)	(5, 0.008779366294366665)	(6, 0.04115327950484374)	(7, 0.0032922623603874996)	(8, 0.0)	(9, 0.0)	(10, 0.0018656153375529161)	(15, 0.0012071628654754165)	(20, 5.4871039339791655e-05)	(25, 0.001755873258873333)	(30, 5.4871039339791655e-05)	(35, 0.0017010022195335412)	(40, 0.0007133235114172915)	(45, 0.00631016952407604)	(50, 0.0017010022195335412)	(55, 0.0009876787081162497)	(60, 0.0018107442982131247)	(65, 0.002030228455572291)	(70, 0.0035666175570864575)	(75, 0.00927320564842479)	(80, 0.00016461311801937496)	(85, 0.0005487103933979166)	(90, 0.0023045836522712494)	(95, 0.0007681945507570831)	(100, 0.0006035814327377082)	(105, 0.005377361855299582)	(110, 0.0016461311801937498)	(115, 0.00043896831471833324)	(120, 0.0014815180621743748)	(125, 0.0018656153375529161)	(130, 0.0)	(135, 0.0003292262360387499)	(140, 0.004225070029163958)	(145, 0.007517332389551457)	(150, 0.00038409727537854155)	(155, 0.010590110592579789)	(160, 0.004499425225862916)	(165, 5.4871039339791655e-05)	(170, 0.0)	(175, 0.008834237333706457)	(180, 0.0013169049441549997)	(185, 0.0004938393540581249)	(190, 0.0009876787081162497)	(195, 0.009657302923803332)	(200, 0.0006035814327377082)	(205, 0.001920486376892708)	(210, 0.022661739247333952)	(215, 0.0032373913210477076)	(220, 0.0009328076687764581)	(225, 0.006749137838794373)	(230, 0.008889108373046248)	(235, 0.003182520281707916)	(240, 0.00010974207867958331)	(245, 0.008834237333706457)	(250, 0.005898636729027603)
SRR908443_2	(1, 0.010699852671259372)	(2, 0.007681945507570832)	(3, 0.0043896831471833325)	(4, 0.027709874866594784)	(5, 0.011522918261356247)	(6, 0.010699852671259372)	(7, 0.003017907163688541)	(8, 0.001920486376892708)	(9, 0.013717759834947914)	(10, 0.0013717759834947915)	(15, 0.003840972753785416)	(20, 0.0036214885964262495)	(25, 0.010754723710599164)	(30, 0.01393724399230708)	(35, 0.00894397941238604)	(40, 0.011577789300696039)	(45, 0.00762707446823104)	(50, 0.0047737804225618736)	(55, 0.009328076687764583)	(60, 0.006145556406056665)	(65, 0.007736816546910624)	(70, 0.00631016952407604)	(75, 0.007572203428891248)	(80, 0.006035814327377082)	(85, 0.006804008878134165)	(90, 0.009657302923803332)	(95, 0.0029630361243487497)	(100, 0.013223920480889788)	(105, 0.01196188657607458)	(110, 0.009328076687764583)	(115, 0.00598094328803729)	(120, 0.00729784823219229)	(125, 0.004993264579921041)	(130, 0.003456875478406874)	(135, 0.004170198989824165)	(140, 0.007517332389551457)	(145, 0.004828651461901666)	(150, 0.00960243188446354)	(155, 0.005048135619260832)	(160, 0.004444554186523124)	(165, 0.0013717759834947915)	(170, 0.0020850994949120827)	(175, 0.0006035814327377082)	(180, 0.006365040563415832)	(185, 0.00021948415735916662)	(190, 0.009492689805783957)	(195, 0.0032373913210477076)	(200, 0.0007133235114172915)	(205, 0.0010425497474560413)	(210, 0.011742402418715414)	(215, 0.0002743551966989583)	(220, 0.006145556406056665)	(225, 0.003786101714445624)	(230, 0.005267619776619999)	(235, 0.01026088435654104)	(240, 0.003840972753785416)	(245, 0.01530901997580187)	(250, 0.02524067809630416)
SRR908444_1	(1, 0.035935598274235675)	(2, 0.0006417071120399227)	(3, 0.0)	(4, 0.0008556094827198971)	(5, 0.00705877823243915)	(6, 0.04641681443755441)	(7, 0.0019251213361197684)	(8, 0.00042780474135994853)	(9, 0.0)	(10, 0.0023101456033437218)	(15, 0.0013261946982158403)	(20, 0.0001711218965439794)	(25, 0.0012406337499438506)	(30, 4.278047413599485e-05)	(35, 0.0014545361206238247)	(40, 0.0009839509051278814)	(45, 0.004449169310143464)	(50, 0.0017967799137117838)	(55, 0.0010695118533998712)	(60, 0.0009839509051278814)	(65, 0.0024812674998877012)	(70, 0.0032513160343356083)	(75, 0.00714433918071114)	(80, 8.55609482719897e-05)	(85, 0.00047058521549594334)	(90, 0.0018395603878477783)	(95, 0.00029946331895196394)	(100, 0.0008128290085839021)	(105, 0.005005315473911398)	(110, 0.0011550728016718609)	(115, 0.000556146163767933)	(120, 0.0018823408619837733)	(125, 0.0012406337499438506)	(130, 0.0)	(135, 0.00038502426722395366)	(140, 0.0040213645687835154)	(145, 0.005390339741135351)	(150, 0.0006417071120399227)	(155, 0.010566777111590729)	(160, 0.0038930231463755317)	(165, 0.00012834142240798456)	(170, 8.55609482719897e-05)	(175, 0.007999948663431037)	(180, 0.0009411704309918867)	(185, 0.0010267313792638765)	(190, 0.0005989266379039279)	(195, 0.009454484784054862)	(200, 0.0008556094827198971)	(205, 0.003165755086063619)	(210, 0.024042626464429107)	(215, 0.0029518527153836447)	(220, 0.0019251213361197684)	(225, 0.007743265818615068)	(230, 0.0073154610772551195)	(235, 0.0029090722412476494)	(240, 0.00029946331895196394)	(245, 0.007272680603119125)	(250, 0.004064145042919511)
SRR908444_2	(1, 0.010909020904678686)	(2, 0.006630973491079202)	(3, 0.002566828448159691)	(4, 0.02224584655071732)	(5, 0.01454536120623825)	(6, 0.013261946982158403)	(7, 0.0034224379308795882)	(8, 0.0017112189654397941)	(9, 0.011336825646038636)	(10, 0.0026523893964316807)	(15, 0.004919754525639407)	(20, 0.004192486465327495)	(25, 0.009925069999550805)	(30, 0.01570043400791011)	(35, 0.009240582413374887)	(40, 0.010010630947822795)	(45, 0.009197801939238893)	(50, 0.00423526693946349)	(55, 0.011037362327086672)	(60, 0.0059037054307672894)	(65, 0.009497265258190857)	(70, 0.006802095387623181)	(75, 0.006502632068671217)	(80, 0.007486582973799098)	(85, 0.007657704870343078)	(90, 0.006759314913487187)	(95, 0.0029090722412476494)	(100, 0.01155072801671861)	(105, 0.01146516706844662)	(110, 0.007657704870343078)	(115, 0.004791413103231423)	(120, 0.005989266379039279)	(125, 0.0033796574567435934)	(130, 0.0024384870257517064)	(135, 0.00282351129297566)	(140, 0.005946485904903284)	(145, 0.0030801941377916293)	(150, 0.009753948103006825)	(155, 0.004834193577367418)	(160, 0.0040213645687835154)	(165, 0.0007700485344479073)	(170, 0.0017112189654397941)	(175, 0.0006844875861759176)	(180, 0.004192486465327495)	(185, 0.00025668284481596913)	(190, 0.00855609482719897)	(195, 0.0026951698705676755)	(200, 0.000556146163767933)	(205, 0.00038502426722395366)	(210, 0.009625606680598841)	(215, 0.0001711218965439794)	(220, 0.005261998318727367)	(225, 0.003850242672239537)	(230, 0.0032513160343356083)	(235, 0.0099678504736868)	(240, 0.003294096508471603)	(245, 0.014331458835558275)	(250, 0.022887553662757246)
SRR908445_1	(1, 0.03153301800315331)	(2, 0.0)	(3, 0.0007333260000733326)	(4, 0.0007333260000733326)	(5, 0.008066586000806657)	(6, 0.03153301800315331)	(7, 0.0036666300003666626)	(8, 0.0)	(9, 0.0)	(10, 0.0024933084002493307)	(15, 0.0008799912000879991)	(20, 0.0)	(25, 0.0007333260000733326)	(30, 0.0)	(35, 0.0008799912000879991)	(40, 0.0002933304000293331)	(45, 0.004399956000439996)	(50, 0.0014666520001466652)	(55, 0.0002933304000293331)	(60, 0.00043999560004399956)	(65, 0.0005866608000586662)	(70, 0.0026399736002639972)	(75, 0.007039929600703993)	(80, 0.0)	(85, 0.0)	(90, 0.0010266564001026658)	(95, 0.00043999560004399956)	(100, 0.00043999560004399956)	(105, 0.004839951600483995)	(110, 0.0008799912000879991)	(115, 0.0002933304000293331)	(120, 0.0014666520001466652)	(125, 0.0007333260000733326)	(130, 0.0)	(135, 0.00014666520001466654)	(140, 0.003959960400395996)	(145, 0.00630660360063066)	(150, 0.00014666520001466654)	(155, 0.008506581600850658)	(160, 0.0032266344003226634)	(165, 0.0)	(170, 0.0)	(175, 0.007186594800718659)	(180, 0.0002933304000293331)	(185, 0.0008799912000879991)	(190, 0.0007333260000733326)	(195, 0.009239907600923991)	(200, 0.00043999560004399956)	(205, 0.002786638800278664)	(210, 0.01803981960180398)	(215, 0.002786638800278664)	(220, 0.0010266564001026658)	(225, 0.005133282000513328)	(230, 0.007479925200747992)	(235, 0.0016133172001613317)	(240, 0.00043999560004399956)	(245, 0.007919920800791992)	(250, 0.004766619000476662)
SRR908445_2	(1, 0.008799912000879992)	(2, 0.008799912000879992)	(3, 0.0036666300003666626)	(4, 0.02566641000256664)	(5, 0.012466542001246654)	(6, 0.010266564001026657)	(7, 0.0029333040002933303)	(8, 0.0029333040002933303)	(9, 0.015399846001539985)	(10, 0.0026399736002639972)	(15, 0.0052799472005279945)	(20, 0.0024933084002493307)	(25, 0.012319876801231987)	(30, 0.01686649800168665)	(35, 0.00967990320096799)	(40, 0.011293220401129322)	(45, 0.007039929600703993)	(50, 0.004693286400469329)	(55, 0.008799912000879992)	(60, 0.007186594800718659)	(65, 0.010559894401055989)	(70, 0.005866608000586661)	(75, 0.00630660360063066)	(80, 0.010559894401055989)	(85, 0.007186594800718659)	(90, 0.008506581600850658)	(95, 0.0029333040002933303)	(100, 0.01305320280130532)	(105, 0.01217321160121732)	(110, 0.009826568400982658)	(115, 0.004986616800498661)	(120, 0.004986616800498661)	(125, 0.0036666300003666626)	(130, 0.0026399736002639972)	(135, 0.004839951600483995)	(140, 0.006453268800645327)	(145, 0.0054266124005426615)	(150, 0.00967990320096799)	(155, 0.005573277600557328)	(160, 0.0032266344003226634)	(165, 0.0016133172001613317)	(170, 0.0024933084002493307)	(175, 0.0005866608000586662)	(180, 0.0057199428005719945)	(185, 0.0002933304000293331)	(190, 0.008653246800865325)	(195, 0.0014666520001466652)	(200, 0.00043999560004399956)	(205, 0.0010266564001026658)	(210, 0.010999890001099988)	(215, 0.00043999560004399956)	(220, 0.004546621200454662)	(225, 0.0032266344003226634)	(230, 0.0036666300003666626)	(235, 0.007333260000733325)	(240, 0.0052799472005279945)	(245, 0.014226524401422653)	(250, 0.02566641000256664)
SRR908446_1	(1, 0.032875293737325034)	(2, 0.0006164117575748444)	(3, 0.0003424509764304691)	(4, 0.001575274491580158)	(5, 0.008287313629617352)	(6, 0.03931337209421785)	(7, 0.003492999959590785)	(8, 0.00020547058585828145)	(9, 0.0)	(10, 0.0021231960538689084)	(15, 0.0011232392026919386)	(20, 0.00020547058585828145)	(25, 0.0015889725306373764)	(30, 2.7396078114437526e-05)	(35, 0.0009314666558908758)	(40, 0.0009177686168336572)	(45, 0.005081972490228162)	(50, 0.0009725607730625322)	(55, 0.0010273529292914073)	(60, 0.0012602195932641263)	(65, 0.0029861725144736907)	(70, 0.003821752896964035)	(75, 0.008136635199987946)	(80, 0.00017807450774384395)	(85, 0.00027396078114437527)	(90, 0.002205384288212221)	(95, 0.00020547058585828145)	(100, 0.0006712039138037194)	(105, 0.005218952880800349)	(110, 0.0013013137104357826)	(115, 0.000698599991918157)	(120, 0.00121912547609247)	(125, 0.0017807450774384394)	(130, 5.479215622887505e-05)	(135, 0.0004383372498310004)	(140, 0.004438164654538879)	(145, 0.0067942273723805065)	(150, 0.0005479215622887505)	(155, 0.009684513613453667)	(160, 0.0038628470141356913)	(165, 0.0002191686249155002)	(170, 0.00013698039057218764)	(175, 0.007821580301671915)	(180, 0.0011369372417491573)	(185, 0.0007807882262614696)	(190, 0.0007259960700325945)	(195, 0.00976670184779698)	(200, 0.000575317640403188)	(205, 0.0028902862410731594)	(210, 0.02371130560804568)	(215, 0.0033149254518469408)	(220, 0.0018218391946100956)	(225, 0.007136678348810976)	(230, 0.008287313629617352)	(235, 0.00354779211581966)	(240, 0.00038354509360212535)	(245, 0.008821537152848884)	(250, 0.00565044111110274)
SRR908446_2	(1, 0.00842429402018954)	(2, 0.007807882262614695)	(3, 0.004794313670026568)	(4, 0.02561533303699909)	(5, 0.016574627259234705)	(6, 0.013561058666646577)	(7, 0.003082058787874222)	(8, 0.002260176444441096)	(9, 0.012876156713785636)	(10, 0.002397156835013284)	(15, 0.004136807795280067)	(20, 0.004780615630969348)	(25, 0.011821407706379794)	(30, 0.01651983510300583)	(35, 0.011177599870690513)	(40, 0.011013223402003886)	(45, 0.010602282230287323)	(50, 0.005506611701001943)	(55, 0.0126295920107557)	(60, 0.007027094036353225)	(65, 0.008766744996620009)	(70, 0.008890027348134977)	(75, 0.007218866583154289)	(80, 0.007862674418843571)	(85, 0.007972258731301321)	(90, 0.008766744996620009)	(95, 0.0033286234909041595)	(100, 0.01162963515957873)	(105, 0.010835148894260042)	(110, 0.008821537152848884)	(115, 0.0048628038653126615)	(120, 0.006835321489552163)	(125, 0.004451862693596098)	(130, 0.003109454865988659)	(135, 0.004287486224909473)	(140, 0.006835321489552163)	(145, 0.004492956810767754)	(150, 0.011424164573720448)	(155, 0.004424466615481661)	(160, 0.003835450936021254)	(165, 0.0010684470464630636)	(170, 0.002150592131983346)	(175, 0.0008629764606047822)	(180, 0.00542442346665863)	(185, 0.0003424509764304691)	(190, 0.008396897942075102)	(195, 0.003246435256560847)	(200, 0.0005616196013459693)	(205, 0.0008218823434331258)	(210, 0.012232348878096357)	(215, 0.0004383372498310004)	(220, 0.005917552872718506)	(225, 0.0035203960377052225)	(230, 0.004191599951508942)	(235, 0.010342019488200167)	(240, 0.004492956810767754)	(245, 0.017355415485496174)	(250, 0.024896185986495102)
SRR908447_1	(1, 0.03201421921168047)	(2, 0.0005248232657652536)	(3, 0.0005248232657652536)	(4, 0.0017494108858841784)	(5, 0.00822223116365564)	(6, 0.03953668602098243)	(7, 0.0015744697972957604)	(8, 0.0003498821771768357)	(9, 0.0)	(10, 0.0023092223693671156)	(15, 0.0013645404909896593)	(20, 0.0001399528708707343)	(25, 0.0016094580150134443)	(30, 3.4988217717683574e-05)	(35, 0.001224587620118925)	(40, 0.0008747054429420892)	(45, 0.004863362262758016)	(50, 0.0013645404909896593)	(55, 0.0011546111846835578)	(60, 0.0013645404909896593)	(65, 0.0019943284099079635)	(70, 0.0034988217717683567)	(75, 0.007697407897890386)	(80, 0.0003148939594591521)	(85, 0.0006647761366359878)	(90, 0.002099293063061014)	(95, 0.0003148939594591521)	(100, 0.0008397172252244057)	(105, 0.005528138399394004)	(110, 0.0011546111846835578)	(115, 0.0007697407897890385)	(120, 0.00146950514414271)	(125, 0.001714422668166495)	(130, 6.997643543536715e-05)	(135, 0.0005947997012006207)	(140, 0.004058633255251294)	(145, 0.00626289097146536)	(150, 0.0008747054429420892)	(155, 0.010356512444434337)	(160, 0.004093621472968978)	(165, 0.00010496465315305071)	(170, 0.00017494108858841784)	(175, 0.007452490373866601)	(180, 0.0010146583138128235)	(185, 0.0008397172252244057)	(190, 0.0008047290075067221)	(195, 0.009236889477468462)	(200, 0.00038487039489451926)	(205, 0.0035687982072037244)	(210, 0.023372129435412625)	(215, 0.0031839278123092047)	(220, 0.002344210587084799)	(225, 0.007102608196689765)	(230, 0.008117266510502588)	(235, 0.003533809989486041)	(240, 0.0006647761366359878)	(245, 0.008956983735726995)	(250, 0.0054231737462409535)
SRR908447_2	(1, 0.009971642049539818)	(2, 0.008397172252244057)	(3, 0.004548468303298864)	(4, 0.024141870225201662)	(5, 0.016969285593076533)	(6, 0.017144226681664952)	(7, 0.003848703948945193)	(8, 0.0015744697972957604)	(9, 0.014695051441427099)	(10, 0.0030089867237207872)	(15, 0.005178256222217168)	(20, 0.0057030794879824225)	(25, 0.012280864418906932)	(30, 0.01805392034232472)	(35, 0.011826017588577046)	(40, 0.011721052935423996)	(45, 0.01175604115314168)	(50, 0.006157926318312308)	(55, 0.014065263522508795)	(60, 0.007522466809301968)	(65, 0.010251547791281285)	(70, 0.010356512444434337)	(75, 0.006402843842336093)	(80, 0.007977313639631854)	(85, 0.00675272601951293)	(90, 0.007522466809301968)	(95, 0.00293901028828542)	(100, 0.01049646531530507)	(105, 0.00913192482431541)	(110, 0.006577784930924512)	(115, 0.0044784918678634975)	(120, 0.005038303351346434)	(125, 0.0034638335540506733)	(130, 0.0024841634579555335)	(135, 0.0030439749414384707)	(140, 0.005808044141135472)	(145, 0.0034638335540506733)	(150, 0.011056276798788008)	(155, 0.003988656819815927)	(160, 0.0038836921666628764)	(165, 0.00097967009609514)	(170, 0.0022392459339317487)	(175, 0.0008047290075067221)	(180, 0.005598114834829371)	(185, 0.0005248232657652536)	(190, 0.008152254728220272)	(195, 0.0031139513768738375)	(200, 0.0008747054429420892)	(205, 0.0009096936606597728)	(210, 0.011126253234223374)	(215, 0.0004548468303298864)	(220, 0.006227902753747675)	(225, 0.00391868038438056)	(230, 0.00402364503753361)	(235, 0.011511123629117895)	(240, 0.005213244439934852)	(245, 0.017704038165147887)	(250, 0.02440428185808429)
SRR908448_1	(1, 0.031529245297528416)	(2, 0.00025633532762218226)	(3, 0.0005126706552443645)	(4, 0.0012816766381109112)	(5, 0.004870371224821462)	(6, 0.03357992791850587)	(7, 0.0033323592590883693)	(8, 0.00025633532762218226)	(9, 0.0)	(10, 0.001743080227830839)	(15, 0.001025341310488729)	(20, 0.00015380119657330935)	(25, 0.0015892790312575296)	(30, 0.0)	(35, 0.0006152047862932374)	(40, 0.0006664718518176738)	(45, 0.004921638290345899)	(50, 0.0007690059828665467)	(55, 0.0010766083760131652)	(60, 0.0011278754415376018)	(65, 0.0016405460967819664)	(70, 0.0031272909969906233)	(75, 0.007536258632092157)	(80, 5.126706552443645e-05)	(85, 0.00015380119657330935)	(90, 0.0018968814244041488)	(95, 0.0004101365241954916)	(100, 0.0007690059828665467)	(105, 0.0044089676351015345)	(110, 0.0013329437036353475)	(115, 0.0006152047862932374)	(120, 0.001025341310488729)	(125, 0.0016918131623064026)	(130, 5.126706552443645e-05)	(135, 0.0007177389173421103)	(140, 0.0037424957832838603)	(145, 0.006715985583701175)	(150, 0.0006664718518176738)	(155, 0.009023003532300814)	(160, 0.0035886945867105516)	(165, 0.0)	(170, 5.126706552443645e-05)	(175, 0.00707485504237223)	(180, 0.0011791425070620384)	(185, 0.0003076023931466187)	(190, 0.0006152047862932374)	(195, 0.01025341310488729)	(200, 0.0005126706552443645)	(205, 0.004101365241954916)	(210, 0.02173723578236105)	(215, 0.0030247568659417506)	(220, 0.0016918131623064026)	(225, 0.007690059828665467)	(230, 0.007843861025238777)	(235, 0.0038450299143327335)	(240, 0.0005126706552443645)	(245, 0.008869202335727506)	(250, 0.005511209543876918)
SRR908448_2	(1, 0.01025341310488729)	(2, 0.00794639515628765)	(3, 0.004101365241954916)	(4, 0.023582850141240765)	(5, 0.012047760398242565)	(6, 0.011791425070620382)	(7, 0.00230701794859964)	(8, 0.002050682620977458)	(9, 0.012304095725864748)	(10, 0.002665887407270695)	(15, 0.003486160455661678)	(20, 0.004767837093772589)	(25, 0.009792009515167361)	(30, 0.013893374757122278)	(35, 0.009894543646216235)	(40, 0.010150878973838416)	(45, 0.009586941253069615)	(50, 0.005229240683492517)	(55, 0.010868617891180526)	(60, 0.0053830418800658265)	(65, 0.007433724501043284)	(70, 0.007331190369994411)	(75, 0.007023587976847794)	(80, 0.00907427059782525)	(85, 0.00794639515628765)	(90, 0.008869202335727506)	(95, 0.003998831110906043)	(100, 0.012611698119011364)	(105, 0.011893959201669255)	(110, 0.00851033287705645)	(115, 0.005280507749016954)	(120, 0.006562184387127866)	(125, 0.0049729053558703355)	(130, 0.0031272909969906233)	(135, 0.004255166438528225)	(140, 0.007638792763141031)	(145, 0.004870371224821462)	(150, 0.01168889093957151)	(155, 0.004511501766150407)	(160, 0.0034348933901372416)	(165, 0.0009740742449642925)	(170, 0.0024608191451729496)	(175, 0.0006664718518176738)	(180, 0.005126706552443645)	(185, 0.00025633532762218226)	(190, 0.009125537663349687)	(195, 0.003076023931466187)	(200, 0.0005126706552443645)	(205, 0.0006152047862932374)	(210, 0.012457896922438058)	(215, 0.000461403589719928)	(220, 0.006510917321603429)	(225, 0.003076023931466187)	(230, 0.004203899373003789)	(235, 0.009535674187545178)	(240, 0.004716570028248154)	(245, 0.014816181936562135)	(250, 0.025377197434596044)
SRR908449_1	(1, 0.0321922119268815)	(2, 0.0013320915280088895)	(3, 0.0003330228820022224)	(4, 0.0013320915280088895)	(5, 0.005328366112035558)	(6, 0.03441236447356298)	(7, 0.001776122037345186)	(8, 0.00011100762733407412)	(9, 0.0)	(10, 0.001776122037345186)	(15, 0.0010434716969402967)	(20, 0.00019981372920133342)	(25, 0.001398696104409334)	(30, 2.2201525466814825e-05)	(35, 0.0008436579677389633)	(40, 0.0005772396621371855)	(45, 0.004617917297097484)	(50, 0.000999068646006667)	(55, 0.0006216427130708151)	(60, 0.0011988823752080006)	(65, 0.0019093311901460749)	(70, 0.0035300425492235574)	(75, 0.007326503404048891)	(80, 8.88061018672593e-05)	(85, 0.00019981372920133342)	(90, 0.0018427266137456305)	(95, 0.0002442167801349631)	(100, 0.0005328366112035558)	(105, 0.004573514246163854)	(110, 0.0011100762733407413)	(115, 0.0005772396621371855)	(120, 0.001265486951608445)	(125, 0.0014653006808097785)	(130, 4.440305093362965e-05)	(135, 0.0004884335602699262)	(140, 0.0038408639057589643)	(145, 0.006194225605241336)	(150, 0.0003330228820022224)	(155, 0.008347773575522374)	(160, 0.003263624243621779)	(165, 0.00015541067826770378)	(170, 6.660457640044448e-05)	(175, 0.006571651538177188)	(180, 0.0009546655950730374)	(185, 0.0005994411876040003)	(190, 0.0007104488149380744)	(195, 0.007814936964318819)	(200, 0.0005550381366703707)	(205, 0.003419034921889483)	(210, 0.019936969869199715)	(215, 0.002952802887086372)	(220, 0.0017539205118783712)	(225, 0.006038814926973632)	(230, 0.007015682047513485)	(235, 0.003485639498289927)	(240, 0.0004440305093362965)	(245, 0.008059153744453781)	(250, 0.004773327975365188)
SRR908449_2	(1, 0.008991617814060006)	(2, 0.007659526286051114)	(3, 0.0038852669566925946)	(4, 0.024310670386162234)	(5, 0.013653938162091117)	(6, 0.01265486951608445)	(7, 0.002553175428683705)	(8, 0.001665114410011112)	(9, 0.012210839006748155)	(10, 0.002153547970281038)	(15, 0.004107282211360743)	(20, 0.004573514246163854)	(25, 0.01072333680047156)	(30, 0.014808417486365487)	(35, 0.009790872730865338)	(40, 0.009280237645128597)	(45, 0.009169230017794522)	(50, 0.004928738653632891)	(55, 0.01154479324274371)	(60, 0.005816799672305484)	(65, 0.008258967473655114)	(70, 0.007703929336984744)	(75, 0.005572582892170521)	(80, 0.00750411560778341)	(85, 0.006838069843778966)	(90, 0.0071932942512480036)	(95, 0.002952802887086372)	(100, 0.012987892398086672)	(105, 0.011566994768210524)	(110, 0.008991617814060006)	(115, 0.004928738653632891)	(120, 0.005927807299639558)	(125, 0.0034634379728231126)	(130, 0.0026863845814845935)	(135, 0.0032192211926881493)	(140, 0.005816799672305484)	(145, 0.0038408639057589643)	(150, 0.011344979513542375)	(155, 0.004085080685893928)	(160, 0.0029972059380200013)	(165, 0.001021270171473482)	(170, 0.0018205250882788156)	(175, 0.0006882472894712596)	(180, 0.004906537128166077)	(185, 0.00031082135653540756)	(190, 0.0073931079804493375)	(195, 0.002508772377750075)	(200, 0.0009102625441394078)	(205, 0.0007992549168053337)	(210, 0.010279306291135264)	(215, 0.00042182898386948167)	(220, 0.005772396621371855)	(225, 0.003285825769088594)	(230, 0.003685453227491261)	(235, 0.00956885747619719)	(240, 0.004573514246163854)	(245, 0.015208044944768155)	(250, 0.022201525466814826)
SRR908450_1	(1, 0.031540689916198815)	(2, 0.0004852413833261356)	(3, 0.0004852413833261356)	(4, 0.0009704827666522712)	(5, 0.005337655216587491)	(6, 0.04415696588267834)	(7, 0.0009704827666522712)	(8, 0.0)	(9, 0.0)	(10, 0.0014557241499784067)	(15, 0.0018439172566393153)	(20, 9.70482766652271e-05)	(25, 0.0011645793199827254)	(30, 0.0)	(35, 0.0009704827666522712)	(40, 0.0003881931066609084)	(45, 0.004173075896604766)	(50, 0.0001940965533304542)	(55, 0.0007763862133218168)	(60, 0.0010675310433174983)	(65, 0.0015527724266436336)	(70, 0.002329158639965451)	(75, 0.0059199448765788545)	(80, 9.70482766652271e-05)	(85, 9.70482766652271e-05)	(90, 0.0015527724266436336)	(95, 0.00029114482999568136)	(100, 0.0005822896599913627)	(105, 0.006016993153244081)	(110, 0.0012616275966479526)	(115, 0.0004852413833261356)	(120, 0.0009704827666522712)	(125, 0.0018439172566393153)	(130, 9.70482766652271e-05)	(135, 0.0005822896599913627)	(140, 0.0035907862366134037)	(145, 0.005531751769917946)	(150, 0.0010675310433174983)	(155, 0.008249103516544305)	(160, 0.0037848827899438576)	(165, 0.0)	(170, 0.0001940965533304542)	(175, 0.006599282813235444)	(180, 0.0007763862133218168)	(185, 0.0007763862133218168)	(190, 0.0005822896599913627)	(195, 0.009122538006531348)	(200, 0.0001940965533304542)	(205, 0.003978979343274312)	(210, 0.02435911744297201)	(215, 0.0028144000232915864)	(220, 0.0022321103633002235)	(225, 0.007569765579887715)	(230, 0.007472717303222488)	(235, 0.0027173517466263595)	(240, 0.00029114482999568136)	(245, 0.00805500696321385)	(250, 0.005580275908250559)
SRR908450_2	(1, 0.006793379366565898)	(2, 0.006793379366565898)	(3, 0.003396689683282949)	(4, 0.02086537948302383)	(5, 0.012616275966479526)	(6, 0.014072000116457933)	(7, 0.003396689683282949)	(8, 0.002426206916630678)	(9, 0.014557241499784069)	(10, 0.0028144000232915864)	(15, 0.0031055448532872672)	(20, 0.006114041429909308)	(25, 0.011160551816501118)	(30, 0.014848386329779749)	(35, 0.011354648369831572)	(40, 0.010190069049848847)	(45, 0.01009302077318362)	(50, 0.005240606939922264)	(55, 0.012713324243144754)	(60, 0.006016993153244081)	(65, 0.008540248346539986)	(70, 0.009995972496518393)	(75, 0.005725848323248401)	(80, 0.009898924219853165)	(85, 0.00776386213321817)	(90, 0.006890427643231125)	(95, 0.002620303469961132)	(100, 0.012131034583153389)	(105, 0.011548744923162027)	(110, 0.009219586283196577)	(115, 0.005337655216587491)	(120, 0.005822896599913627)	(125, 0.003493737959948176)	(130, 0.0021350620866349966)	(135, 0.003493737959948176)	(140, 0.005822896599913627)	(145, 0.004270124173269993)	(150, 0.010675310433174982)	(155, 0.003881931066609085)	(160, 0.004173075896604766)	(165, 0.0007763862133218168)	(170, 0.0013586758733131797)	(175, 0.0009704827666522712)	(180, 0.004755365556596129)	(185, 0.00029114482999568136)	(190, 0.00776386213321817)	(195, 0.002620303469961132)	(200, 0.0004852413833261356)	(205, 0.0014557241499784067)	(210, 0.010675310433174982)	(215, 0.00029114482999568136)	(220, 0.005434703493252719)	(225, 0.0029114482999568134)	(230, 0.003493737959948176)	(235, 0.011451696646496801)	(240, 0.005240606939922264)	(245, 0.01979784843970633)	(250, 0.0211080001746869)
SRR908451_1	(1, 0.025605797859002116)	(2, 0.0008829585468621418)	(3, 0.0)	(4, 0.0010595502562345703)	(5, 0.006710484956152279)	(6, 0.03602470871197539)	(7, 0.0024722839312139974)	(8, 0.0)	(9, 0.0)	(10, 0.0017305987518497982)	(15, 0.0010242319143600846)	(20, 3.5318341874485674e-05)	(25, 0.0014480520168539128)	(30, 0.0)	(35, 0.0008123218631131706)	(40, 0.0004238201024938281)	(45, 0.004344156050561738)	(50, 0.00045913844436831384)	(55, 0.0006710484956152278)	(60, 0.00130677864935597)	(65, 0.0018012354355987695)	(70, 0.0025782389568374544)	(75, 0.0065692115886543355)	(80, 0.00010595502562345702)	(85, 0.0001765917093724284)	(90, 0.0019425088030967123)	(95, 0.00021191005124691404)	(100, 0.0010242319143600846)	(105, 0.004344156050561738)	(110, 0.0011301869399835416)	(115, 0.0005650934699917708)	(120, 0.0012361419656069987)	(125, 0.0014480520168539128)	(130, 0.0)	(135, 0.0003885017606193425)	(140, 0.0037790625805699677)	(145, 0.005792208067415651)	(150, 0.0005297751281172851)	(155, 0.008794267126746934)	(160, 0.0032846057943271677)	(165, 0.0001765917093724284)	(170, 3.5318341874485674e-05)	(175, 0.006357301537407422)	(180, 0.0010595502562345703)	(185, 0.0006710484956152278)	(190, 0.0006357301537407422)	(195, 0.007981945263633763)	(200, 0.0008476402049876562)	(205, 0.0035318341874485673)	(210, 0.020025499842833378)	(215, 0.0033905608199506247)	(220, 0.0014480520168539128)	(225, 0.00572157138366668)	(230, 0.007522806819265449)	(235, 0.0029667407174567965)	(240, 0.0005297751281172851)	(245, 0.007699398528637877)	(250, 0.005562638845231494)
SRR908451_2	(1, 0.009006177177993848)	(2, 0.006357301537407422)	(3, 0.004944567862427995)	(4, 0.022073963671553547)	(5, 0.01200823623732513)	(6, 0.012714603074814843)	(7, 0.0022956922218415688)	(8, 0.0019425088030967123)	(9, 0.013950745040421843)	(10, 0.002189737196218112)	(15, 0.003496515845574082)	(20, 0.0034258791618251103)	(25, 0.009853817382981505)	(30, 0.014798385245409499)	(35, 0.008123218631131706)	(40, 0.01094868598109056)	(45, 0.00858235707550002)	(50, 0.004061609315565853)	(55, 0.010489547536722247)	(60, 0.006004118118662565)	(65, 0.008123218631131706)	(70, 0.007452170135516478)	(75, 0.00621602816990948)	(80, 0.007310896768018535)	(85, 0.005509661332419766)	(90, 0.006887076665524707)	(95, 0.0020131454868456836)	(100, 0.011372506083584387)	(105, 0.010630820904220187)	(110, 0.008017263605508248)	(115, 0.0037790625805699677)	(120, 0.004838612836804537)	(125, 0.0032139691105781965)	(130, 0.0021544188543436266)	(135, 0.0032139691105781965)	(140, 0.005333069623047337)	(145, 0.0033905608199506247)	(150, 0.010984004322965046)	(155, 0.003178650768703711)	(160, 0.0029667407174567965)	(165, 0.000777003521238685)	(170, 0.0018718721193477408)	(175, 0.0007416851793641991)	(180, 0.004767976153055567)	(185, 0.0005297751281172851)	(190, 0.007310896768018535)	(195, 0.002754830666209883)	(200, 0.0004944567862427995)	(205, 0.000777003521238685)	(210, 0.010065727434228419)	(215, 3.5318341874485674e-05)	(220, 0.005368387964921823)	(225, 0.00310801408495474)	(230, 0.0037437442386954816)	(235, 0.009112132203617306)	(240, 0.0037790625805699677)	(245, 0.013597561621676984)	(250, 0.024634543457453757)
SRR908452_1	(1, 0.03298039530588599)	(2, 0.0008603581384144173)	(3, 0.0)	(4, 0.0008603581384144173)	(5, 0.007743223245729755)	(6, 0.03326718135202413)	(7, 0.004301790692072087)	(8, 0.0)	(9, 0.0)	(10, 0.001892787904511718)	(15, 0.0006882865107315339)	(20, 5.735720922762782e-05)	(25, 0.00131921581223544)	(30, 0.0)	(35, 0.0007456437199591617)	(40, 0.00034414325536576693)	(45, 0.004244433482844459)	(50, 0.0006309293015039061)	(55, 0.0008030009291867895)	(60, 0.0009177153476420451)	(65, 0.002236931159877485)	(70, 0.0036708613905681803)	(75, 0.006653436270404827)	(80, 0.0)	(85, 0.0)	(90, 0.0017780734860564625)	(95, 0.00017207162768288347)	(100, 0.0008603581384144173)	(105, 0.004990077202803621)	(110, 0.0009177153476420451)	(115, 0.0006309293015039061)	(120, 0.0010324297660973007)	(125, 0.0014912874399183233)	(130, 0.0)	(135, 0.00040150046459339474)	(140, 0.004015004645933948)	(145, 0.006194578596583804)	(150, 0.0005162148830486503)	(155, 0.0086609385933718)	(160, 0.0029825748798366467)	(165, 0.0)	(170, 5.735720922762782e-05)	(175, 0.006366650224266688)	(180, 0.0006309293015039061)	(185, 0.0005162148830486503)	(190, 0.0008030009291867895)	(195, 0.009177153476420452)	(200, 0.0006882865107315339)	(205, 0.00263843162447088)	(210, 0.02191045392495383)	(215, 0.0030399320890642746)	(220, 0.000975072556869673)	(225, 0.005965149759673293)	(230, 0.006768150688860082)	(235, 0.002867860461381391)	(240, 0.00022942883691051127)	(245, 0.007513794408819244)	(250, 0.005018755807417434)
SRR908452_2	(1, 0.008316795338006033)	(2, 0.008030009291867896)	(3, 0.004301790692072087)	(4, 0.026097530198570657)	(5, 0.013765730214630676)	(6, 0.014052516260768816)	(7, 0.005162148830486504)	(8, 0.0008603581384144173)	(9, 0.014912874399183233)	(10, 0.002179573950649857)	(15, 0.003613504181340553)	(20, 0.005162148830486504)	(25, 0.014052516260768816)	(30, 0.01841166416206853)	(35, 0.012675943239305747)	(40, 0.013077443703899143)	(45, 0.00946393952255859)	(50, 0.005506292085852271)	(55, 0.012503871611622867)	(60, 0.009005081848737568)	(65, 0.00946393952255859)	(70, 0.008374152547233662)	(75, 0.0065960790611772)	(80, 0.008603581384144174)	(85, 0.00739907999036399)	(90, 0.008374152547233662)	(95, 0.0027531460429261355)	(100, 0.0131921581223544)	(105, 0.013306872540809655)	(110, 0.009349225104103335)	(115, 0.005907792550445665)	(120, 0.00739907999036399)	(125, 0.004244433482844459)	(130, 0.003269360925974786)	(135, 0.004359147901299714)	(140, 0.0069402223165429665)	(145, 0.004301790692072087)	(150, 0.011586156263980818)	(155, 0.0036708613905681803)	(160, 0.003842933018251064)	(165, 0.0007456437199591617)	(170, 0.001892787904511718)	(175, 0.00045885767382102254)	(180, 0.004703291156665482)	(185, 0.0)	(190, 0.00923451068564808)	(195, 0.002581074415243252)	(200, 0.0005735720922762783)	(205, 0.00034414325536576693)	(210, 0.01078315533479403)	(215, 5.735720922762782e-05)	(220, 0.005563649295079899)	(225, 0.003900290227478692)	(230, 0.003212003716747158)	(235, 0.009521296731786219)	(240, 0.0039576474367063194)	(245, 0.016117375792963417)	(250, 0.025093779037087174)
SRR908453_1	(1, 0.032626281587156865)	(2, 0.0008938707284152567)	(3, 0.0)	(4, 0.0008938707284152567)	(5, 0.008938707284152567)	(6, 0.03575482913661027)	(7, 0.0017877414568305133)	(8, 0.0)	(9, 0.0)	(10, 0.0015195802383059364)	(15, 0.001072644874098308)	(20, 0.00017877414568305132)	(25, 0.0011620319469398336)	(30, 0.0)	(35, 0.001340806092622885)	(40, 0.000268161218524577)	(45, 0.0038436441321856034)	(50, 0.0008938707284152567)	(55, 0.00044693536420762833)	(60, 0.0006257095098906796)	(65, 0.002413450966721193)	(70, 0.0034860958408195006)	(75, 0.007061578754480527)	(80, 8.938707284152566e-05)	(85, 0.00035754829136610264)	(90, 0.0014301931654644106)	(95, 8.938707284152566e-05)	(100, 0.0006257095098906796)	(105, 0.005005676079125437)	(110, 0.0008044836555737309)	(115, 0.00035754829136610264)	(120, 0.0019665156025135645)	(125, 0.0011620319469398336)	(130, 0.0)	(135, 0.00017877414568305132)	(140, 0.0033073216951364495)	(145, 0.005810159734699168)	(150, 0.00017877414568305132)	(155, 0.011083997032349182)	(160, 0.0034860958408195006)	(165, 0.0)	(170, 0.0)	(175, 0.008134223628578834)	(180, 0.000536322437049154)	(185, 8.938707284152566e-05)	(190, 0.000268161218524577)	(195, 0.008581158992786464)	(200, 0.0)	(205, 0.0029497734037703467)	(210, 0.021095349190600056)	(215, 0.00268161218524577)	(220, 0.0007150965827322053)	(225, 0.00536322437049154)	(230, 0.0072403529001635785)	(235, 0.0023240638938796672)	(240, 8.938707284152566e-05)	(245, 0.006972191681639001)	(250, 0.004245885959972468)
SRR908453_2	(1, 0.007597901191529681)	(2, 0.006257095098906797)	(3, 0.007150965827322053)	(4, 0.025475315759834815)	(5, 0.014301931654644107)	(6, 0.01027951337677545)	(7, 0.0035754829136610267)	(8, 0.0008938707284152567)	(9, 0.008938707284152567)	(10, 0.0016983543839889875)	(15, 0.003933031205027129)	(20, 0.0025922251124042444)	(25, 0.011709706542239861)	(30, 0.017341092131255977)	(35, 0.009028094356994091)	(40, 0.009475029721201721)	(45, 0.007687288264371207)	(50, 0.0058995468075406935)	(55, 0.009028094356994091)	(60, 0.006167708026065271)	(65, 0.009653803866884771)	(70, 0.007329739973005104)	(75, 0.005810159734699168)	(80, 0.006257095098906797)	(85, 0.0059889338803822195)	(90, 0.007150965827322053)	(95, 0.0016089673111474617)	(100, 0.013497447999070376)	(105, 0.010547674595300028)	(110, 0.007776675337212732)	(115, 0.0046481277877593345)	(120, 0.005631385589016117)	(125, 0.002860386330928821)	(130, 0.0032179346222949235)	(135, 0.0038436441321856034)	(140, 0.0058995468075406935)	(145, 0.004022418277868655)	(150, 0.010190126303933926)	(155, 0.0034860958408195006)	(160, 0.003754257059344078)	(165, 0.000536322437049154)	(170, 0.0014301931654644106)	(175, 0.0009832578012567822)	(180, 0.0046481277877593345)	(185, 0.000536322437049154)	(190, 0.008312997774261886)	(195, 0.0025028380395627184)	(200, 0.000536322437049154)	(205, 0.0008938707284152567)	(210, 0.010190126303933926)	(215, 0.000268161218524577)	(220, 0.0047375148606008605)	(225, 0.004379966569234757)	(230, 0.0031285475494533983)	(235, 0.008491771919944937)	(240, 0.005005676079125437)	(245, 0.016983543839889873)	(250, 0.019665156025135647)
