Sample	0	1	2	3	4	5	6	7	8	9	10	11	12	13	14	15	16	17	18	19	20	21	22	23	24	25	26	27	28	29	30	31	32	33	34	35	36	37	38	39	40	41	42	43	44	45	46	47	48	49	50	51	52	53	54	55	56	57
SRR908430_1	(1, 32.71936760541647)	(2, 33.093444042699005)	(3, 33.17484545311742)	(4, 33.21266651931367)	(5, 33.138627198305166)	(6, 34.46249101633255)	(7, 34.437131009326336)	(8, 34.29283072059786)	(9, 34.455138657781006)	(10, 35.8632833862275)	(15, 37.24835485938215)	(20, 37.39205739538285)	(25, 37.76092115085471)	(30, 37.54907841820727)	(35, 37.2627181623691)	(40, 36.85853973178975)	(45, 36.843743822642594)	(50, 37.087334731796695)	(55, 37.154478766572)	(60, 37.24354281091134)	(65, 37.01416868581977)	(70, 36.96907894645386)	(75, 31.673165489927868)	(80, 28.063091271281042)	(85, 27.723169590789603)	(90, 27.57310446354473)	(95, 27.439743605783462)	(100, 27.310562846748713)	(105, 27.25813214783676)	(110, 27.048977634317122)	(115, 26.757410813207834)	(120, 26.444359090915405)	(125, 26.148501517318845)	(130, 25.853853072379515)	(135, 25.55169629713037)	(140, 25.20721000999498)	(145, 24.861526271232385)	(150, 24.483840519572233)	(155, 24.09707726718574)	(160, 23.705752466425064)	(165, 23.29447440158696)	(170, 22.905170561095193)	(175, 22.490590955028146)	(180, 22.070764748158435)	(185, 21.65419115020136)	(190, 21.164611648393507)	(195, 20.59580377585107)	(200, 20.002105479724367)	(205, 19.397134123201006)	(210, 18.827795501841216)	(215, 18.3127603525907)	(220, 17.95280088856638)	(225, 17.76038456352235)	(230, 17.476370834671325)	(235, 17.238439392738833)	(240, 17.030219875695234)	(245, 16.87470880406361)	(250, 16.767597214750314)
SRR908430_2	(1, 31.90761940110737)	(2, 32.074093535790794)	(3, 32.1478756841141)	(4, 32.14501759200179)	(5, 32.36526305985451)	(6, 33.728759273855545)	(7, 33.76638294263937)	(8, 33.89508049505047)	(9, 34.030788435847924)	(10, 35.51597570621705)	(15, 36.560810775118476)	(20, 36.74746392979324)	(25, 37.40568393337976)	(30, 37.39399189002462)	(35, 37.41571422415171)	(40, 36.95263296175356)	(45, 36.03049790021977)	(50, 35.77871889079336)	(55, 36.63686382775825)	(60, 36.68797391017862)	(65, 35.546550619230125)	(70, 29.517239327681096)	(75, 26.794504567247877)	(80, 26.707026096771994)	(85, 26.34017329268615)	(90, 26.032413767218408)	(95, 25.953213476960805)	(100, 25.834287096464777)	(105, 25.64898764320001)	(110, 25.3670346321249)	(115, 25.06662023657107)	(120, 24.72448436876617)	(125, 24.410261051127318)	(130, 24.077717029419166)	(135, 23.72419633535874)	(140, 23.312868226106225)	(145, 22.92164685046868)	(150, 22.503095942093058)	(155, 22.067917220978064)	(160, 21.574788458089888)	(165, 21.105624853168298)	(170, 20.573810645837067)	(175, 19.99135204716408)	(180, 19.298473506347996)	(185, 18.553192903145987)	(190, 17.7494412402118)	(195, 17.248402679600368)	(200, 16.829737781169676)	(205, 16.579616631983107)	(210, 16.374024724720968)	(215, 16.213754429278204)	(220, 16.095652391497453)	(225, 16.185917223758306)	(230, 16.42060717775915)	(235, 16.48642948394478)	(240, 16.258978176464943)	(245, 15.783403326007388)	(250, 15.658732541797512)
SRR908431_1	(1, 32.7245397228701)	(2, 33.17130647514838)	(3, 33.22613264948928)	(4, 33.31944471758001)	(5, 33.27983787546854)	(6, 34.216958572108446)	(7, 34.16119434098069)	(8, 34.0947889667216)	(9, 34.304355179371406)	(10, 35.827064019917486)	(15, 37.377350943366544)	(20, 37.53393798992326)	(25, 37.84404107784102)	(30, 37.65427553304045)	(35, 37.22027539931328)	(40, 37.2694012562488)	(45, 37.13278242982274)	(50, 36.96287851672966)	(55, 36.91921777470118)	(60, 36.997739617461626)	(65, 36.73814960924133)	(70, 36.76157782331494)	(75, 31.711816368992608)	(80, 28.272585929541513)	(85, 27.856997667640776)	(90, 27.666047850729008)	(95, 27.51113908019304)	(100, 27.358300327631575)	(105, 27.29070478153306)	(110, 27.061068873427235)	(115, 26.742071355246235)	(120, 26.42416253357929)	(125, 26.103034426880733)	(130, 25.800371682877806)	(135, 25.491726221145413)	(140, 25.162787660915086)	(145, 24.858278695294768)	(150, 24.527435702795295)	(155, 24.183306522346204)	(160, 23.824808750476894)	(165, 23.460505646039906)	(170, 23.152834426094103)	(175, 22.803922925950545)	(180, 22.470660258250767)	(185, 22.12659676144252)	(190, 21.733610751664706)	(195, 21.219558778992248)	(200, 20.709043890044804)	(205, 20.15658350671979)	(210, 19.50561890115595)	(215, 18.90523817202821)	(220, 18.397520934202298)	(225, 18.032760404170716)	(230, 17.66801167359557)	(235, 17.3237538790713)	(240, 17.06545787790709)	(245, 16.855589599172465)	(250, 16.813614802811415)
SRR908431_2	(1, 32.235009773883085)	(2, 32.429917128484284)	(3, 32.48148468627212)	(4, 32.37275662834465)	(5, 32.567587286479004)	(6, 33.627127343667034)	(7, 33.59421865966041)	(8, 33.69944227902568)	(9, 33.75918489354924)	(10, 35.31484410951469)	(15, 36.494111284606824)	(20, 36.70696875897251)	(25, 37.21172511986281)	(30, 37.14282494719744)	(35, 37.21612435053825)	(40, 36.821737351965986)	(45, 36.09601217703904)	(50, 35.6808919602437)	(55, 36.41098844046584)	(60, 36.53237102210825)	(65, 35.34643164771543)	(70, 29.55373944440293)	(75, 27.17632675054769)	(80, 27.0983284103379)	(85, 26.78651164803008)	(90, 26.489885112625814)	(95, 26.33040562598083)	(100, 26.162561504666684)	(105, 25.954599624777284)	(110, 25.65099961061794)	(115, 25.33452166970175)	(120, 24.95861104665112)	(125, 24.61212158159914)	(130, 24.24219131638669)	(135, 23.861332394621023)	(140, 23.460674378266976)	(145, 23.047958890693767)	(150, 22.5946355737879)	(155, 22.084375159784305)	(160, 21.59329672879736)	(165, 21.14700313472226)	(170, 20.622278160386077)	(175, 20.043960054906805)	(180, 19.367762311749505)	(185, 18.559780766099372)	(190, 17.596211587852853)	(195, 16.94833607998458)	(200, 16.406540438703793)	(205, 16.12566893085125)	(210, 16.020642362408505)	(215, 15.990735853435018)	(220, 16.12974642968114)	(225, 16.37081522444533)	(230, 16.603386050682598)	(235, 16.541560832097666)	(240, 16.308422452005708)	(245, 15.948387210962483)	(250, 15.858628745835775)
SRR908432_1	(1, 32.59865431453994)	(2, 32.950379984088016)	(3, 32.98759987699937)	(4, 33.01308834080936)	(5, 32.91889035860541)	(6, 34.447124372184284)	(7, 34.30623984146585)	(8, 34.030049737159366)	(9, 34.132477047203935)	(10, 35.475391088311525)	(15, 37.17323272011988)	(20, 37.28761207944279)	(25, 37.63719060704715)	(30, 37.60618615071482)	(35, 37.01057756605183)	(40, 36.509883002972515)	(45, 36.63233061788292)	(50, 36.87348067377012)	(55, 37.02740424742651)	(60, 37.235971826998636)	(65, 36.81999053090391)	(70, 37.02921069715)	(75, 30.280783104008748)	(80, 23.827939202545917)	(85, 23.320241413140568)	(90, 23.096829317102458)	(95, 22.877210228576168)	(100, 22.678128828516627)	(105, 22.648184032370644)	(110, 22.431245576614266)	(115, 22.079092333448852)	(120, 21.74156005798601)	(125, 21.463266740532127)	(130, 21.202700156679374)	(135, 20.945438482601755)	(140, 20.681239963490288)	(145, 20.43713740439386)	(150, 20.202350190602168)	(155, 19.96678690140914)	(160, 19.735710206611774)	(165, 19.49132991990316)	(170, 19.254409230904393)	(175, 19.01008605163098)	(180, 18.787647710577566)	(185, 18.58885184769398)	(190, 18.36889450743617)	(195, 18.117733078871716)	(200, 17.853108450436117)	(205, 17.611052485149628)	(210, 17.504620821273257)	(215, 17.319125133616758)	(220, 17.190195580763092)	(225, 17.157970880089028)	(230, 16.960232236903117)	(235, 16.775760578298197)	(240, 16.58812214157763)	(245, 16.471548782928295)	(250, 16.394680710865543)
SRR908432_2	(1, 31.743890236580974)	(2, 31.818256807743182)	(3, 31.995092177257575)	(4, 31.733908637865646)	(5, 31.97423820145746)	(6, 33.58570752207422)	(7, 33.5484241764571)	(8, 33.51488698096907)	(9, 33.55367854859257)	(10, 34.95361704827774)	(15, 36.14107537693347)	(20, 36.21746608940974)	(25, 36.97916945289124)	(30, 36.98792885487391)	(35, 37.026986923861635)	(40, 36.68801866485745)	(45, 35.58776143735021)	(50, 35.19505459373185)	(55, 36.02772492763951)	(60, 36.67024995485096)	(65, 35.672749015262816)	(70, 27.560127295889732)	(75, 22.561538386446504)	(80, 22.62185604045354)	(85, 22.221488014760077)	(90, 21.84154297456523)	(95, 21.723132904132726)	(100, 21.674299213674548)	(105, 21.49587410983175)	(110, 21.205437408786736)	(115, 20.913476378510033)	(120, 20.629890129199474)	(125, 20.362133865685266)	(130, 20.094674365594965)	(135, 19.827566295875084)	(140, 19.561170848850775)	(145, 19.30837038808651)	(150, 19.056828731385174)	(155, 18.787642341502462)	(160, 18.485693367239854)	(165, 18.192331984556585)	(170, 17.901960688608284)	(175, 17.600902492715143)	(180, 17.280413614022073)	(185, 16.96931622388067)	(190, 16.59472073487995)	(195, 16.33491265491002)	(200, 16.042612884804054)	(205, 15.84815035362681)	(210, 15.719058752324566)	(215, 15.63959985747546)	(220, 15.579787384625897)	(225, 15.671921689599126)	(230, 15.86701825973633)	(235, 15.936887986450406)	(240, 15.748283604308927)	(245, 15.370645314017679)	(250, 15.290108211268224)
SRR908433_1	(1, 32.479181459950844)	(2, 32.83837930630877)	(3, 32.864831649174825)	(4, 32.90200538410519)	(5, 32.808115173032654)	(6, 34.2290624634232)	(7, 34.13711521204791)	(8, 33.935086418789744)	(9, 34.09998049237252)	(10, 35.353230853263625)	(15, 37.07733681869611)	(20, 37.2575631071749)	(25, 37.636129686707505)	(30, 37.47957395341579)	(35, 37.359281339003545)	(40, 36.87186375872966)	(45, 36.1081768171355)	(50, 36.23254262416605)	(55, 36.52586711404159)	(60, 36.80959385119582)	(65, 36.27594631500917)	(70, 37.00260621903164)	(75, 30.418310639460024)	(80, 22.72155748897819)	(85, 21.96142873863681)	(90, 21.818966876048535)	(95, 21.638073426709845)	(100, 21.50630876672779)	(105, 21.46366275213608)	(110, 21.279838476844446)	(115, 20.92156685263938)	(120, 20.589817798759317)	(125, 20.33338067184269)	(130, 20.072027622800515)	(135, 19.84730521633959)	(140, 19.621760368304006)	(145, 19.42362295657602)	(150, 19.202007725020486)	(155, 19.015345480082715)	(160, 18.823962389294213)	(165, 18.6623229682806)	(170, 18.517927509656275)	(175, 18.32942374468417)	(180, 18.165070422535212)	(185, 18.018668799500603)	(190, 17.84153564043541)	(195, 17.68944715383715)	(200, 17.492047130428)	(205, 17.31827552573056)	(210, 17.27686083258554)	(215, 17.1585657992275)	(220, 17.0682884007647)	(225, 17.053883188326637)	(230, 16.863407592368617)	(235, 16.680966017712926)	(240, 16.51472825874917)	(245, 16.39697553743514)	(250, 16.309687487807732)
SRR908433_2	(1, 31.687214700948072)	(2, 31.76330615270571)	(3, 31.899442081854005)	(4, 31.693808279037103)	(5, 31.932589442472008)	(6, 33.380269985564354)	(7, 33.47401974171901)	(8, 33.47178026608404)	(9, 33.54679099527915)	(10, 34.886128516249855)	(15, 36.10015137918926)	(20, 36.070132261714335)	(25, 36.89859857204167)	(30, 36.9477304826187)	(35, 36.975327533065425)	(40, 36.64669345714175)	(45, 35.553782528968824)	(50, 35.02672388904062)	(55, 35.800269205259255)	(60, 36.646153486013034)	(65, 35.810385080566505)	(70, 27.500367523701765)	(75, 21.316077406265848)	(80, 21.43285708712106)	(85, 21.057084780149037)	(90, 20.694936600210685)	(95, 20.596163239826772)	(100, 20.599552104873005)	(105, 20.42047832702587)	(110, 20.135372010456088)	(115, 19.868436658733565)	(120, 19.61106238539269)	(125, 19.37057625531583)	(130, 19.143391205961528)	(135, 18.911553197300144)	(140, 18.685007217822168)	(145, 18.482516483945222)	(150, 18.2669611017908)	(155, 18.071094377901762)	(160, 17.859998439389802)	(165, 17.675192540283252)	(170, 17.452038547071908)	(175, 17.21567008700402)	(180, 16.954721236003277)	(185, 16.706279895439117)	(190, 16.405381764269833)	(195, 16.169473684210526)	(200, 15.901832936678241)	(205, 15.724056806211228)	(210, 15.601746322812222)	(215, 15.533887089852133)	(220, 15.470517732433382)	(225, 15.538280987866255)	(230, 15.704691194256956)	(235, 15.765099293823885)	(240, 15.584227693027973)	(245, 15.24558074207015)	(250, 15.165758261480239)
SRR908434_1	(1, 32.48773627362736)	(2, 32.811425517551754)	(3, 32.885677317731776)	(4, 32.907583258325836)	(5, 32.785592934293426)	(6, 34.47484810981098)	(7, 34.44209045904591)	(8, 34.29054905490549)	(9, 34.43498537353735)	(10, 35.266922817281724)	(15, 37.043119936993705)	(20, 37.235906840684066)	(25, 37.56503600360036)	(30, 37.574432943294326)	(35, 37.57917079207921)	(40, 37.2670803330333)	(45, 36.24884450945095)	(50, 36.74013838883888)	(55, 37.022465121512155)	(60, 37.22274189918992)	(65, 36.973764626462646)	(70, 37.376453645364535)	(75, 32.06275427542754)	(80, 22.815986723672363)	(85, 21.849194419441947)	(90, 21.72604410441044)	(95, 21.525779702970297)	(100, 21.41424504950495)	(105, 21.38974122412241)	(110, 21.23251800180018)	(115, 20.863456345634564)	(120, 20.50391764176418)	(125, 20.23920904590459)	(130, 19.985838208820883)	(135, 19.75820882088209)	(140, 19.532764401440144)	(145, 19.31878825382538)	(150, 19.104016651665166)	(155, 18.90646264626463)	(160, 18.71942619261926)	(165, 18.538593609360937)	(170, 18.40325495049505)	(175, 18.214943744374438)	(180, 18.057924167416743)	(185, 17.91253825382538)	(190, 17.765033753375338)	(195, 17.64485598559856)	(200, 17.477946669666967)	(205, 17.302513501350134)	(210, 17.327414491449144)	(215, 17.215138388838884)	(220, 17.12793429342934)	(225, 17.098376462646264)	(230, 16.904884113411338)	(235, 16.70975810081008)	(240, 16.51746287128713)	(245, 16.392330108010803)	(250, 16.293356210621063)
SRR908434_2	(1, 32.17017889288929)	(2, 32.23906390639064)	(3, 32.4473897389739)	(4, 32.09947119711971)	(5, 32.33624549954995)	(6, 34.122350360036)	(7, 34.23879387938794)	(8, 34.26230873087309)	(9, 34.30940594059406)	(10, 35.252132088208825)	(15, 36.67692506750675)	(20, 36.55681480648065)	(25, 37.38699594959496)	(30, 37.458369711971194)	(35, 37.427352610261025)	(40, 37.31487961296129)	(45, 36.34823919891989)	(50, 35.83103172817282)	(55, 36.27732110711071)	(60, 37.27147614761476)	(65, 36.870050630063005)	(70, 29.915175517551756)	(75, 21.086110486048607)	(80, 21.307039828982898)	(85, 20.94565819081908)	(90, 20.53080108010801)	(95, 20.392117461746174)	(100, 20.45436318631863)	(105, 20.306782178217823)	(110, 19.99221759675968)	(115, 19.72861723672367)	(120, 19.457019576957695)	(125, 19.210879837983796)	(130, 18.975104635463545)	(135, 18.747100585058504)	(140, 18.5320904590459)	(145, 18.32038928892889)	(150, 18.119620837083705)	(155, 17.906002475247526)	(160, 17.71503487848785)	(165, 17.531362511251125)	(170, 17.31985711071107)	(175, 17.10946219621962)	(180, 16.865112511251123)	(185, 16.67005063006301)	(190, 16.380397164716474)	(195, 16.177062331233124)	(200, 15.868725247524754)	(205, 15.669769351935193)	(210, 15.557952295229523)	(215, 15.51863298829883)	(220, 15.497572007200722)	(225, 15.644965121512152)	(230, 15.848403465346536)	(235, 15.930865211521155)	(240, 15.742429117911792)	(245, 15.3695600810081)	(250, 15.276021039603961)
SRR908435_1	(1, 32.71438437171757)	(2, 33.069775616372645)	(3, 33.20135391079241)	(4, 33.2407389028112)	(5, 33.136300854361544)	(6, 34.692189994127816)	(7, 34.636255365605535)	(8, 34.555996658644105)	(9, 34.69010991737588)	(10, 35.850189812172786)	(15, 37.29696796764509)	(20, 37.456909742037396)	(25, 37.74738605066621)	(30, 37.535537470328926)	(35, 37.58757660720046)	(40, 37.434552431994305)	(45, 37.11288489690593)	(50, 37.0515710162188)	(55, 37.002386919087904)	(60, 36.99474811635197)	(65, 37.022200167067794)	(70, 36.882471114639934)	(75, 33.27931667617795)	(80, 30.188536006418055)	(85, 29.888892472851484)	(90, 29.749464473281556)	(95, 29.620191218188886)	(100, 29.523459792075034)	(105, 29.468236442283036)	(110, 29.287713900536765)	(115, 29.038409051435377)	(120, 28.769209074593288)	(125, 28.49588202697897)	(130, 28.24174296371651)	(135, 27.959888842021684)	(140, 27.6384065702305)	(145, 27.340029278217504)	(150, 27.003605190680595)	(155, 26.643553416205577)	(160, 26.263915010462416)	(165, 25.87302103234664)	(170, 25.52376498027442)	(175, 25.123695506537977)	(180, 24.709094442928155)	(185, 24.271029451901846)	(190, 23.756629365886738)	(195, 23.07152734701304)	(200, 22.363851326204006)	(205, 21.544050484248487)	(210, 20.56144455747711)	(215, 19.721340016045126)	(220, 19.07948539810932)	(225, 18.63509250758835)	(230, 18.268472983814274)	(235, 17.96207147524171)	(240, 17.69344631086189)	(245, 17.49690676459155)	(250, 17.311496662779447)
SRR908435_2	(1, 31.72956107485795)	(2, 31.698115938433038)	(3, 31.882614197454284)	(4, 31.72602122257235)	(5, 32.091721873475095)	(6, 33.50377143140709)	(7, 33.486216906930004)	(8, 33.76961599219248)	(9, 33.757334028070694)	(10, 35.05887568336517)	(15, 36.23627438817623)	(20, 36.36879140510632)	(25, 36.953034927093924)	(30, 36.91577632765137)	(35, 36.9157465531929)	(40, 36.61585489913902)	(45, 35.6950954850342)	(50, 35.38670156894855)	(55, 36.11439016119561)	(60, 36.34657386960441)	(65, 35.64397687517059)	(70, 31.479760811850234)	(75, 28.878799758496058)	(80, 28.810960308992712)	(85, 28.522561595910975)	(90, 28.244268830277313)	(95, 28.141088752698312)	(100, 27.993563754559215)	(105, 27.829249270112236)	(110, 27.56253049814323)	(115, 27.28276803215641)	(120, 26.95192500144737)	(125, 26.665330124308365)	(130, 26.334315890463074)	(135, 25.97832171302385)	(140, 25.59176818929939)	(145, 25.20293278415999)	(150, 24.765568319976182)	(155, 24.28317743096047)	(160, 23.775276447576278)	(165, 23.275331861151773)	(170, 22.699755187785858)	(175, 22.03513303393461)	(180, 21.14921635279425)	(185, 20.08195006161659)	(190, 18.85792207362562)	(195, 18.050683571942535)	(200, 17.46180350511542)	(205, 17.163039145142214)	(210, 16.960481022918064)	(215, 16.796340222812198)	(220, 16.69909270608474)	(225, 16.780279383668706)	(230, 16.968257946058607)	(235, 16.943679957654105)	(240, 16.688854427710098)	(245, 16.234998221803174)	(250, 16.115562116964)
SRR908436_1	(1, 32.46931267596412)	(2, 32.82883192562038)	(3, 32.91270952006809)	(4, 32.94812741439141)	(5, 32.8370981470569)	(6, 34.43675112944412)	(7, 34.35864761343547)	(8, 34.16416224710273)	(9, 34.31677633732731)	(10, 35.36804573430236)	(15, 37.124692267399986)	(20, 37.27177617363976)	(25, 37.6055449158646)	(30, 37.61470650821711)	(35, 37.57802085379427)	(40, 37.00143226609049)	(45, 35.95772605251098)	(50, 36.637201270215414)	(55, 36.901271033850584)	(60, 37.10690024880508)	(65, 36.81751129444117)	(70, 37.20823757611471)	(75, 31.79500507431415)	(80, 23.945707293917373)	(85, 23.090411183133636)	(90, 22.977778596215547)	(95, 22.780740522490667)	(100, 22.662357591828716)	(105, 22.653353957965034)	(110, 22.491988312708703)	(115, 22.130580927126303)	(120, 21.811033359523343)	(125, 21.55970257971584)	(130, 21.31817013684279)	(135, 21.100345380737245)	(140, 20.8858803116611)	(145, 20.67517350880639)	(150, 20.4618116938388)	(155, 20.249909153407977)	(160, 20.0618141491521)	(165, 19.870359457866822)	(170, 19.722812315851503)	(175, 19.530008839127873)	(180, 19.36067242846854)	(185, 19.200858541216526)	(190, 19.011379558698355)	(195, 18.81015435736267)	(200, 18.55470519871669)	(205, 18.315164833366072)	(210, 18.128858115628887)	(215, 17.866371210633144)	(220, 17.631752111569437)	(225, 17.495340633798204)	(230, 17.231730013749754)	(235, 16.994633503568387)	(240, 16.77135222287697)	(245, 16.615699273227264)	(250, 16.538957637661234)
SRR908436_2	(1, 32.14000605643947)	(2, 32.204998199436915)	(3, 32.3611233876776)	(4, 32.07201024684083)	(5, 32.34849898513717)	(6, 34.02522425194788)	(7, 34.013180940221304)	(8, 34.04710109343286)	(9, 34.0727018267531)	(10, 35.18416159235252)	(15, 36.559520886531786)	(20, 36.51607657303738)	(25, 37.26167828848294)	(30, 37.30048533359523)	(35, 37.30489835002946)	(40, 37.11924720094284)	(45, 36.1628200091665)	(50, 35.6566858181104)	(55, 36.23670529692922)	(60, 37.06543982845544)	(65, 36.48938404373731)	(70, 29.492638970732663)	(75, 22.414238361814963)	(80, 22.565532311923)	(85, 22.22653211549794)	(90, 21.861039907025468)	(95, 21.747074084986576)	(100, 21.76341173967132)	(105, 21.59563036076737)	(110, 21.324522032344657)	(115, 21.05641818896091)	(120, 20.797058534669027)	(125, 20.53900101486283)	(130, 20.30337360047142)	(135, 20.055785536567797)	(140, 19.799890329339355)	(145, 19.557261179859886)	(150, 19.311442578406336)	(155, 19.04735153538925)	(160, 18.80604088915079)	(165, 18.562944411706933)	(170, 18.289037844562298)	(175, 17.992912328946506)	(180, 17.654951548484256)	(185, 17.276627054278794)	(190, 16.789476527204872)	(195, 16.433636973744516)	(200, 16.065397269691616)	(205, 15.855051397891703)	(210, 15.735431807765337)	(215, 15.695061546520003)	(220, 15.715384174687358)	(225, 15.882681856871603)	(230, 16.088487035945786)	(235, 16.115705820729392)	(240, 15.901299679172393)	(245, 15.543292084069927)	(250, 15.453351093432856)
SRR908437_1	(1, 32.447042035431814)	(2, 32.7497153613772)	(3, 32.83311827304055)	(4, 32.869719004751566)	(5, 32.736219695474624)	(6, 34.458761556328085)	(7, 34.42717046437843)	(8, 34.29423284198382)	(9, 34.477949994686746)	(10, 35.29338879358766)	(15, 37.059982086742664)	(20, 37.22604709061376)	(25, 37.53958981676863)	(30, 37.640814901401185)	(35, 37.32770330788032)	(40, 36.52183747514156)	(45, 35.53912528653621)	(50, 36.64188666069558)	(55, 37.01138554491218)	(60, 37.19659648110759)	(65, 36.971141438829264)	(70, 37.38460370713342)	(75, 32.39189956431315)	(80, 22.962139267985364)	(85, 21.81280646091722)	(90, 21.70800176096428)	(95, 21.52138205334507)	(100, 21.41249070180499)	(105, 21.395649203770894)	(110, 21.2492098431831)	(115, 20.878784934646973)	(120, 20.572498595782797)	(125, 20.353908278050188)	(130, 20.12656171724379)	(135, 19.912449713843305)	(140, 19.7264736690298)	(145, 19.57757199459566)	(150, 19.398026505548554)	(155, 19.244124299788986)	(160, 19.138259985122886)	(165, 18.975528668802088)	(170, 18.84431557694351)	(175, 18.7259848496349)	(180, 18.565670304980795)	(185, 18.447998421204442)	(190, 18.290219057884112)	(195, 18.146812806460918)	(200, 17.95559941098781)	(205, 17.768011173014738)	(210, 17.708135351357917)	(215, 17.514905955399023)	(220, 17.384497442047575)	(225, 17.293088215201976)	(230, 17.06933341429721)	(235, 16.873793511757473)	(240, 16.672290619829063)	(245, 16.54452658904255)	(250, 16.463710473183248)
SRR908437_2	(1, 32.066597847372975)	(2, 32.148361240568974)	(3, 32.27968970594932)	(4, 32.02797807903086)	(5, 32.29244151625097)	(6, 34.07783158501966)	(7, 34.14767810787424)	(8, 34.1581072670138)	(9, 34.22998800722603)	(10, 35.12720234390417)	(15, 36.54841589118455)	(20, 36.40952135169189)	(25, 37.23557147845096)	(30, 37.312225039090364)	(35, 37.29302445615046)	(40, 37.183744478010716)	(45, 36.19174775704765)	(50, 35.63606333399116)	(55, 36.10080913272509)	(60, 37.13227574271705)	(65, 36.82996371806355)	(70, 30.079853657796058)	(75, 21.32290923443596)	(80, 21.520328510922532)	(85, 21.150419747089096)	(90, 20.760678882091295)	(95, 20.614470268547052)	(100, 20.729039211816676)	(105, 20.57016683618478)	(110, 20.292225949933965)	(115, 20.04159519074583)	(120, 19.798451565891945)	(125, 19.5942131070393)	(130, 19.355171314499113)	(135, 19.15763970063607)	(140, 18.985390068768687)	(145, 18.78577565922305)	(150, 18.611695231733794)	(155, 18.412961304328025)	(160, 18.23587812912726)	(165, 18.041986853490805)	(170, 17.84157393772866)	(175, 17.611731665477514)	(180, 17.333909188893777)	(185, 17.099403397446604)	(190, 16.710151351843702)	(195, 16.419006269640064)	(200, 16.076489608792677)	(205, 15.872831053694231)	(210, 15.719809330074536)	(215, 15.654605073398812)	(220, 15.637551045193025)	(225, 15.76706996796867)	(230, 15.994055227483187)	(235, 16.054723483065903)	(240, 15.831454465410715)	(245, 15.488722238246321)	(250, 15.390531780851031)
SRR908438_1	(1, 32.604217479674794)	(2, 32.90527547909408)	(3, 32.951524390243904)	(4, 32.9614837398374)	(5, 32.836440185830426)	(6, 34.425771268873405)	(7, 34.37805966898955)	(8, 34.21122241579559)	(9, 34.37621043844367)	(10, 35.42003847270615)	(15, 37.053380879790936)	(20, 37.12713559814169)	(25, 37.441830720092916)	(30, 37.457100029036006)	(35, 37.59174869337979)	(40, 36.57523119918699)	(45, 35.35770143728223)	(50, 36.65586091753774)	(55, 36.98334748838559)	(60, 37.04578070557491)	(65, 36.889204776422766)	(70, 37.106227134146344)	(75, 32.14033718060395)	(80, 24.64119301684088)	(85, 23.542062282229967)	(90, 23.18503339140534)	(95, 22.57447517421603)	(100, 22.416968641114984)	(105, 22.344132912311267)	(110, 22.153363095238095)	(115, 21.84516296457607)	(120, 21.5159193524971)	(125, 21.272272067363534)	(130, 21.0227899970964)	(135, 20.762711236933796)	(140, 20.47913617886179)	(145, 20.22790069686411)	(150, 19.995507404181186)	(155, 19.76396268873403)	(160, 19.5387656068525)	(165, 19.316221689895468)	(170, 19.122666957026716)	(175, 18.90088487224158)	(180, 18.683058217189313)	(185, 18.496350537166087)	(190, 18.27833369628339)	(195, 18.048573606271777)	(200, 17.78930894308943)	(205, 17.55038545296167)	(210, 17.470477279326367)	(215, 17.30318924216028)	(220, 17.20260707026713)	(225, 17.194326727642277)	(230, 16.992395107433218)	(235, 16.81124056329849)	(240, 16.625018873403018)	(245, 16.50175994483159)	(250, 16.39485155342625)
SRR908438_2	(1, 31.947158101045297)	(2, 32.179072299651565)	(3, 32.31213342044135)	(4, 32.013630589430896)	(5, 32.286904761904765)	(6, 34.03394490418118)	(7, 34.192432491289196)	(8, 34.19315113240418)	(9, 34.201627831010455)	(10, 35.352537746806036)	(15, 36.63151567944251)	(20, 36.60400479094077)	(25, 37.360390534262486)	(30, 37.43079449767712)	(35, 37.41274136178862)	(40, 37.22881932346109)	(45, 36.147788545296166)	(50, 35.85762122531939)	(55, 36.43110481997677)	(60, 37.02192545005808)	(65, 36.45703324622532)	(70, 29.831754500580722)	(75, 23.040498693379796)	(80, 22.90973286875726)	(85, 22.200762195121953)	(90, 21.49043517711963)	(95, 21.4022481126597)	(100, 21.44183289779326)	(105, 21.261614401858303)	(110, 20.976879718350755)	(115, 20.715845673635307)	(120, 20.45565113240418)	(125, 20.20597379500581)	(130, 19.959620354239256)	(135, 19.696211527293848)	(140, 19.439547401277583)	(145, 19.201678281068524)	(150, 18.952977642276426)	(155, 18.7091006097561)	(160, 18.45346980255517)	(165, 18.20598069105691)	(170, 17.93216463414634)	(175, 17.640619918699187)	(180, 17.31320303426249)	(185, 17.020930603948894)	(190, 16.674707099303134)	(195, 16.446283391405338)	(200, 16.137979457026717)	(205, 15.944904181184668)	(210, 15.800435540069685)	(215, 15.712875290360046)	(220, 15.642814314750291)	(225, 15.732101843786296)	(230, 15.936058362369337)	(235, 16.039829776422764)	(240, 15.837635743321721)	(245, 15.424149970963995)	(250, 15.329380807200929)
SRR908439_1	(1, 32.466855646992464)	(2, 32.75903272927122)	(3, 32.83655323026192)	(4, 32.86493498980374)	(5, 32.73096336577817)	(6, 34.37607566926515)	(7, 34.38622275573811)	(8, 34.26977134344764)	(9, 34.50833779269051)	(10, 35.29678087441968)	(15, 36.98968051718901)	(20, 37.165450154028605)	(25, 37.49010543366646)	(30, 37.57257683351894)	(35, 37.580249049072215)	(40, 36.95976165338501)	(45, 35.5577657897401)	(50, 36.50855994099185)	(55, 36.91656017239634)	(60, 37.05847591223985)	(65, 36.88579147563745)	(70, 37.31830380515743)	(75, 32.71035043316026)	(80, 23.394994142574085)	(85, 21.949290022128054)	(90, 21.762989745888955)	(95, 21.406273375468235)	(100, 21.286926514614642)	(105, 21.250336838147028)	(110, 21.10862646978002)	(115, 20.755660587478125)	(120, 20.40199528513371)	(125, 20.170216507817134)	(130, 19.94932184024413)	(135, 19.733672533734435)	(140, 19.531807413621046)	(145, 19.345418046656928)	(150, 19.15594058689961)	(155, 18.988822585077305)	(160, 18.83797231823901)	(165, 18.6949174898399)	(170, 18.567603372720306)	(175, 18.401796855791623)	(180, 18.24284916766701)	(185, 18.110128863370118)	(190, 17.964666849861878)	(195, 17.813033857368065)	(200, 17.627575893438237)	(205, 17.460099793182245)	(210, 17.438139507976224)	(215, 17.303249208162793)	(220, 17.206848415602447)	(225, 17.174682614292117)	(230, 16.96103727058415)	(235, 16.767629984235572)	(240, 16.5797972318239)	(245, 16.44373544682759)	(250, 16.372357288517996)
SRR908439_2	(1, 32.07679446943291)	(2, 32.306486556845954)	(3, 32.353244724700986)	(4, 32.18689382873176)	(5, 32.388771097580374)	(6, 34.17963929826591)	(7, 34.400824378462026)	(8, 34.41505575401704)	(9, 34.47602215697901)	(10, 35.36478139507976)	(15, 36.74913093154766)	(20, 36.61212328073702)	(25, 37.43331588157876)	(30, 37.51497042361483)	(35, 37.48899295662612)	(40, 37.39326439408183)	(45, 36.42349160435619)	(50, 35.91716298106822)	(55, 36.33737326988994)	(60, 37.25928929898905)	(65, 36.957657029634234)	(70, 30.5611379315332)	(75, 21.391016299553097)	(80, 21.507835066456472)	(85, 21.037962483548586)	(90, 20.506471515554722)	(95, 20.35092200222727)	(100, 20.45705335319555)	(105, 20.31314984886395)	(110, 20.018754176127736)	(115, 19.753232575965754)	(120, 19.504346643911894)	(125, 19.277652980055827)	(130, 19.072073239518097)	(135, 18.850955266621348)	(140, 18.646811390885553)	(145, 18.461366732713365)	(150, 18.284050156921165)	(155, 18.109953574476087)	(160, 17.919295373356665)	(165, 17.740743676149428)	(170, 17.52674370507499)	(175, 17.309121675368438)	(180, 17.06258565581476)	(185, 16.83263497389468)	(190, 16.524164702139046)	(195, 16.296506081599006)	(200, 15.985424410280142)	(205, 15.787509364650072)	(210, 15.660578800457023)	(215, 15.59907785314493)	(220, 15.570463532100138)	(225, 15.688546924489827)	(230, 15.910124813791708)	(235, 15.992627453249066)	(240, 15.797519343968299)	(245, 15.427336968312051)	(250, 15.3277237030502)
SRR908440_1	(1, 32.75161651777913)	(2, 33.143949751739875)	(3, 33.18171304624937)	(4, 33.2560060445943)	(5, 33.192306506162815)	(6, 34.33342413931351)	(7, 34.312216659642054)	(8, 34.32033779824624)	(9, 34.52608016283397)	(10, 35.85973560039886)	(15, 37.294570145049704)	(20, 37.46683594272027)	(25, 37.783310546172274)	(30, 37.58123811383986)	(35, 37.13956433689361)	(40, 37.11507139406026)	(45, 36.97878840835963)	(50, 36.883235502739595)	(55, 36.903280323200754)	(60, 36.9484677775836)	(65, 36.733431335259105)	(70, 36.80094164088119)	(75, 32.22213781263814)	(80, 28.62164951632966)	(85, 28.14699569271256)	(90, 27.975053712593933)	(95, 27.83254828993493)	(100, 27.692071095942516)	(105, 27.625811856862363)	(110, 27.43351151865292)	(115, 27.161152173689565)	(120, 26.857621020385086)	(125, 26.57068166164664)	(130, 26.292943861344405)	(135, 26.003507509483228)	(140, 25.68557418505916)	(145, 25.37378311419966)	(150, 25.033965891217864)	(155, 24.68566156439858)	(160, 24.34428796118301)	(165, 23.96659642053106)	(170, 23.602706703537322)	(175, 23.18416377972183)	(180, 22.789024126977598)	(185, 22.380470203645263)	(190, 21.86424540230476)	(195, 21.22794288475179)	(200, 20.593231699168353)	(205, 19.93797608890077)	(210, 19.236855577371834)	(215, 18.64558939934414)	(220, 18.19628997604778)	(225, 17.90311276046753)	(230, 17.594504353547087)	(235, 17.32426678454311)	(240, 17.09497620197991)	(245, 16.907440607749006)	(250, 16.82249658192584)
SRR908440_2	(1, 31.78906113469782)	(2, 32.016931032001395)	(3, 31.986846839437895)	(4, 31.83237044727942)	(5, 32.089692321926044)	(6, 33.37468774736063)	(7, 33.410312818035095)	(8, 33.564013076061144)	(9, 33.6596574729895)	(10, 35.094752099674125)	(15, 36.189744749529694)	(20, 36.35804660916764)	(25, 36.9394152780205)	(30, 36.91678402911274)	(35, 36.9579910975873)	(40, 36.53467828983213)	(45, 35.66882305169773)	(50, 35.27817778097598)	(55, 36.072764373901336)	(60, 36.23138563072463)	(65, 35.24885224667702)	(70, 30.089515507262764)	(75, 27.367576097124708)	(80, 27.292103991693818)	(85, 26.965776082732816)	(90, 26.679490527051616)	(95, 26.549937806470183)	(100, 26.39762944992136)	(105, 26.20447485017013)	(110, 25.910932697348805)	(115, 25.616186765628054)	(120, 25.261887188132857)	(125, 24.921579612858128)	(130, 24.587414291147958)	(135, 24.19813727808218)	(140, 23.78304532417735)	(145, 23.3840507005767)	(150, 22.92745664442777)	(155, 22.460600141862926)	(160, 21.944487391675317)	(165, 21.424889747833507)	(170, 20.853771189489805)	(175, 20.23955919693247)	(180, 19.470806048706272)	(185, 18.60219681939205)	(190, 17.67388282944581)	(195, 17.105411351090186)	(200, 16.651455122999273)	(205, 16.406976983254008)	(210, 16.26421661852236)	(215, 16.167261531502824)	(220, 16.111721167387977)	(225, 16.17505371259393)	(230, 16.31392518272562)	(235, 16.28539839838811)	(240, 16.067847487073)	(245, 15.700802861930365)	(250, 15.60750485726328)
SRR908441_1	(1, 32.64629817645858)	(2, 32.92119989502509)	(3, 33.00344084425276)	(4, 32.99888928063027)	(5, 32.8583395408143)	(6, 34.691084820256975)	(7, 34.70480843404474)	(8, 34.64327086972773)	(9, 34.84279742228278)	(10, 35.566581926819765)	(15, 37.09961270620545)	(20, 37.310848202569765)	(25, 37.64051501326766)	(30, 37.627543719663976)	(35, 37.66245529950985)	(40, 37.24837222618382)	(45, 36.632335453154944)	(50, 36.859276362354294)	(55, 37.04582897042411)	(60, 37.17750727004265)	(65, 37.139861040789114)	(70, 37.44297821240453)	(75, 33.66978657752636)	(80, 26.166580866467143)	(85, 25.11440939684492)	(90, 25.018747564502576)	(95, 24.848893919672985)	(100, 24.759289881850208)	(105, 24.738123122844502)	(110, 24.602232572441967)	(115, 24.30680613838132)	(120, 24.015332698889015)	(125, 23.785067584225136)	(130, 23.56523050740524)	(135, 23.350024520654348)	(140, 23.132042530743597)	(145, 22.927493618002664)	(150, 22.706391010330485)	(155, 22.49660713670331)	(160, 22.289468312687383)	(165, 22.078501085535994)	(170, 21.888245726116217)	(175, 21.6451376205157)	(180, 21.40575506384648)	(185, 21.17469680542264)	(190, 20.8784438264945)	(195, 20.503425204051602)	(200, 20.035112516667414)	(205, 19.53213478142156)	(210, 18.998212775658544)	(215, 18.499185384099484)	(220, 18.167113163482515)	(225, 17.9750504330215)	(230, 17.712861812195648)	(235, 17.494850132411536)	(240, 17.294521423099248)	(245, 17.149535698096404)	(250, 16.958862294656086)
SRR908441_2	(1, 31.97118756842588)	(2, 31.906665111482823)	(3, 32.15026256981759)	(4, 31.916314320327224)	(5, 32.22092977019508)	(6, 34.13188665890842)	(7, 34.27695350088672)	(8, 34.386713251491784)	(9, 34.48636519074418)	(10, 35.31475454162281)	(15, 36.575031876850645)	(20, 36.50676637515806)	(25, 37.30624998343199)	(30, 37.3916640378758)	(35, 37.35780061659504)	(40, 37.20714624648427)	(45, 36.19718741467475)	(50, 35.757619826473295)	(55, 36.29490845180565)	(60, 37.022862793021815)	(65, 36.74387129439896)	(70, 31.54215405333044)	(75, 24.20546028581805)	(80, 24.36808974824578)	(85, 24.014457907977295)	(90, 23.640055880583088)	(95, 23.504170101767347)	(100, 23.571350862729396)	(105, 23.455722060371176)	(110, 23.20071997942916)	(115, 22.945568918943998)	(120, 22.686049205663345)	(125, 22.468005185124312)	(130, 22.24099694353357)	(135, 22.0244941455281)	(140, 21.794995665808663)	(145, 21.556740794151093)	(150, 21.324081933446966)	(155, 21.090901379253673)	(160, 20.813982339827113)	(165, 20.53671391421217)	(170, 20.213469129158902)	(175, 19.821351790537943)	(180, 19.322736876148163)	(185, 18.732883390371466)	(190, 18.031559805213224)	(195, 17.5510949466245)	(200, 17.120503243353575)	(205, 16.882152939960186)	(210, 16.67117988086938)	(215, 16.480557639443)	(220, 16.3016300270655)	(225, 16.307231869958354)	(230, 16.4921849361005)	(235, 16.57162337335281)	(240, 16.32903165947836)	(245, 15.884730657180047)	(250, 15.769540310630301)
SRR908442_1	(1, 32.65232763700648)	(2, 32.99334386885948)	(3, 32.97594685809182)	(4, 33.08047624149569)	(5, 33.01167836288638)	(6, 34.31524883484224)	(7, 34.27299512508705)	(8, 34.1428322708523)	(9, 34.30264638131462)	(10, 35.80543204585632)	(15, 37.16170514812236)	(20, 37.19990357315048)	(25, 37.60102319601435)	(30, 37.41131944072428)	(35, 37.450685702041035)	(40, 36.435613649756256)	(45, 36.49084748486634)	(50, 36.822569239835005)	(55, 36.890448384850274)	(60, 36.87222906733808)	(65, 36.586068998767885)	(70, 36.518883591364435)	(75, 31.252458884662776)	(80, 27.728925376332562)	(85, 27.09507151658006)	(90, 26.507791825145983)	(95, 26.010304280280707)	(100, 25.866467563079233)	(105, 25.787293084052074)	(110, 25.549166979161086)	(115, 25.277918251459795)	(120, 24.99070016606846)	(125, 24.72095944715273)	(130, 24.454872234424386)	(135, 24.16074355815075)	(140, 23.84336261852467)	(145, 23.571923715647934)	(150, 23.262714951518724)	(155, 22.949183050302672)	(160, 22.6388359136444)	(165, 22.29228049499116)	(170, 21.93962607810575)	(175, 21.539307333797613)	(180, 21.172132640488563)	(185, 20.755091873359405)	(190, 20.324152247281297)	(195, 19.768819306798093)	(200, 19.221741576043282)	(205, 18.658343601007125)	(210, 18.249204478491457)	(215, 17.865112230138745)	(220, 17.627578078962877)	(225, 17.527436117212194)	(230, 17.265039910001608)	(235, 17.077237906465957)	(240, 16.856524883484223)	(245, 16.72032999410725)	(250, 16.560661863181014)
SRR908442_2	(1, 31.86306048106284)	(2, 32.09740451063374)	(3, 32.117721112123)	(4, 31.906814164032784)	(5, 32.182126212031925)	(6, 33.53909305190979)	(7, 33.69423313869395)	(8, 33.811485509187335)	(9, 33.79663309583758)	(10, 35.35792842984947)	(15, 36.36753361547115)	(20, 36.573541543901)	(25, 37.20452402635667)	(30, 37.19465098837521)	(35, 37.26629881609257)	(40, 36.844348315208656)	(45, 35.9055847217014)	(50, 35.76377564686345)	(55, 36.62393260834628)	(60, 36.64751968714844)	(65, 35.46265334547597)	(70, 29.44941608185568)	(75, 26.73257352547276)	(80, 26.28317083623507)	(85, 25.503157979321795)	(90, 24.96974339743933)	(95, 24.899633042267105)	(100, 24.782637810039105)	(105, 24.594184925269193)	(110, 24.322724594203677)	(115, 24.037558257888254)	(120, 23.726897733969036)	(125, 23.42654149033053)	(130, 23.141594792950126)	(135, 22.814675630792305)	(140, 22.45932126212032)	(145, 22.154872234424385)	(150, 21.797918787164512)	(155, 21.44758665023839)	(160, 21.00916322922805)	(165, 20.565615792575134)	(170, 20.093512615846144)	(175, 19.54918572882627)	(180, 18.89458938233246)	(185, 18.184279745004552)	(190, 17.476656666845233)	(195, 17.05119194300102)	(200, 16.672049606257033)	(205, 16.444284030642308)	(210, 16.240373386189532)	(215, 16.10373654041892)	(220, 15.944728665559543)	(225, 15.9831306583811)	(230, 16.149094659023945)	(235, 16.223597792896555)	(240, 15.992674237960037)	(245, 15.563566722022822)	(250, 15.474895537579687)
SRR908443_1	(1, 32.9088509730007)	(2, 33.21884216619889)	(3, 33.30648767733634)	(4, 33.297606799619196)	(5, 33.17633905912629)	(6, 35.068967409346186)	(7, 35.09967873006467)	(8, 35.17644057054907)	(9, 35.31010367882883)	(10, 36.19937062917877)	(15, 37.30292983914555)	(20, 37.50117890428022)	(25, 37.78213179474939)	(30, 37.50136436839318)	(35, 37.639980136683754)	(40, 37.45882833869698)	(45, 37.202219533541296)	(50, 37.19043268558072)	(55, 37.12428729378777)	(60, 37.078720736588835)	(65, 37.37226049477216)	(70, 37.14115026159768)	(75, 35.29941864133819)	(80, 33.729942303102135)	(85, 33.46414753725058)	(90, 33.353379370135336)	(95, 33.23346529818294)	(100, 33.14747634372316)	(105, 33.04569001703746)	(110, 32.89243191189906)	(115, 32.637106540353535)	(120, 32.3615688727568)	(125, 32.01473287406274)	(130, 31.659018192493097)	(135, 31.231857028019895)	(140, 30.722272977933613)	(145, 30.207848753467164)	(150, 29.62104962811153)	(155, 28.981566074333795)	(160, 28.338646496072602)	(165, 27.64657398948122)	(170, 26.928455297936022)	(175, 26.173602640394414)	(180, 25.410319596368634)	(185, 24.631076761840486)	(190, 23.76085225698302)	(195, 22.75020453179914)	(200, 21.76923874663572)	(205, 20.772239643777212)	(210, 19.819479218965625)	(215, 19.068373704700527)	(220, 18.568411840072873)	(225, 18.301717737886534)	(230, 17.962023204962538)	(235, 17.67058610500671)	(240, 17.424829145301256)	(245, 17.21512575070441)	(250, 17.01858619280037)
SRR908443_2	(1, 31.962045702088666)	(2, 31.989077919619415)	(3, 32.111816203966626)	(4, 31.985988680104583)	(5, 32.22001640644076)	(6, 33.908466875725324)	(7, 34.1393367737475)	(8, 34.414325730950836)	(9, 34.59453045479861)	(10, 35.764752490459294)	(15, 36.735746561643495)	(20, 36.959402015413275)	(25, 37.57699037836325)	(30, 37.606109890230485)	(35, 37.5686335190718)	(40, 37.24407132137693)	(45, 36.31882488182149)	(50, 36.18314855510836)	(55, 36.917023465599975)	(60, 36.7643705880255)	(65, 36.272036346576456)	(70, 34.2037981733431)	(75, 32.53154618358203)	(80, 32.3818486601864)	(85, 32.06275326414096)	(90, 31.80084117303308)	(95, 31.704595175189514)	(100, 31.534887829877828)	(105, 31.373321151962596)	(110, 31.078111668052163)	(115, 30.761917852567006)	(120, 30.348133698774454)	(125, 29.934868625014058)	(130, 29.475043828242672)	(135, 28.955821680096353)	(140, 28.354906431160163)	(145, 27.748172108501997)	(150, 27.06499145383562)	(155, 26.37387589817032)	(160, 25.52897218312661)	(165, 24.711092454957736)	(170, 23.81584620745094)	(175, 22.819559330683063)	(180, 21.614743299560207)	(185, 20.306477251838864)	(190, 18.98103053298984)	(195, 18.192045894137305)	(200, 17.62423873291796)	(205, 17.29968092490624)	(210, 16.998147005001492)	(215, 16.763402114181144)	(220, 16.53349739774096)	(225, 16.55730978268325)	(230, 16.804996008131887)	(235, 16.881326013536686)	(240, 16.604979546820086)	(245, 16.032885860007518)	(250, 15.883348285691554)
SRR908444_1	(1, 33.001640631183115)	(2, 33.26644748803751)	(3, 33.392147216167594)	(4, 33.3359657585085)	(5, 33.189947444187524)	(6, 35.446260237902216)	(7, 35.52237097943757)	(8, 35.64990812893179)	(9, 35.74403372812581)	(10, 36.42351984907049)	(15, 37.33802692175238)	(20, 37.52436626075127)	(25, 37.78881803967033)	(30, 37.42539277822816)	(35, 37.81292098660329)	(40, 37.782323108087006)	(45, 37.52232734335395)	(50, 37.43609131920009)	(55, 37.272145419387684)	(60, 37.15749973796959)	(65, 37.7362853286503)	(70, 37.290203057520486)	(75, 37.01301938169381)	(80, 37.14213641409788)	(85, 37.145259816514546)	(90, 37.082050810369125)	(95, 37.034418602661376)	(100, 36.99375319516666)	(105, 36.88830959373523)	(110, 36.768248759901006)	(115, 36.590917277536185)	(120, 36.36942607854923)	(125, 36.03711163350823)	(130, 35.676123575677586)	(135, 35.18388416758823)	(140, 34.566182035195496)	(145, 33.89930417558818)	(150, 33.1655334832076)	(155, 32.369160839609584)	(160, 31.54649788343604)	(165, 30.66020068320417)	(170, 29.739353116450594)	(175, 28.78260930945898)	(180, 27.844724846685477)	(185, 26.83172471620503)	(190, 25.69838610661322)	(195, 24.31993463143552)	(200, 23.00427163034248)	(205, 21.66229649863209)	(210, 20.352741693636194)	(215, 19.3611685914315)	(220, 18.72428882809308)	(225, 18.37811864308892)	(230, 17.99587596229329)	(235, 17.676144538109916)	(240, 17.41069469072926)	(245, 17.20259891380376)	(250, 17.025236201692824)
SRR908444_2	(1, 31.886392172884452)	(2, 31.82326530524938)	(3, 32.03678906873325)	(4, 31.78468587367354)	(5, 32.03629495425698)	(6, 34.234558922616536)	(7, 34.47530817984056)	(8, 34.750091443263464)	(9, 34.98168781804609)	(10, 35.98614896588899)	(15, 36.816577433727694)	(20, 37.08286877303461)	(25, 37.681415092523466)	(30, 37.71874747327824)	(35, 37.63907782409952)	(40, 37.32258017595609)	(45, 36.32949906203811)	(50, 36.36102869928108)	(55, 37.086360515333595)	(60, 36.67059847744293)	(65, 36.358320267463526)	(70, 36.192294380998625)	(75, 35.921307029045806)	(80, 35.76644470730669)	(85, 35.502232926847526)	(90, 35.305127881532314)	(95, 35.21915752412284)	(100, 35.01756908511817)	(105, 34.88893547207184)	(110, 34.62544710943031)	(115, 34.329044305598046)	(120, 33.88247177023463)	(125, 33.43519079021953)	(130, 32.903371315264295)	(135, 32.25706316323104)	(140, 31.490387441364014)	(145, 30.74985743406994)	(150, 29.899017974216207)	(155, 29.054571200612617)	(160, 28.00972870762327)	(165, 26.985365655407556)	(170, 25.86603294524313)	(175, 24.627942494486668)	(180, 23.103432919147043)	(185, 21.408312673929366)	(190, 19.746757988718787)	(195, 18.740344340036323)	(200, 18.087521149596903)	(205, 17.684086733133263)	(210, 17.308716307702838)	(215, 16.976368493892018)	(220, 16.64826835335816)	(225, 16.637633127487952)	(230, 16.928643880360127)	(235, 17.040310329559382)	(240, 16.732327706987974)	(245, 16.04887198584822)	(250, 15.839697285365013)
SRR908445_1	(1, 32.782165511678215)	(2, 33.07713122868771)	(3, 33.143489898434346)	(4, 33.12448208851245)	(5, 32.99147875187915)	(6, 34.7220034466322)	(7, 34.71219154475122)	(8, 34.74491255087449)	(9, 34.968525648076856)	(10, 35.64808858578081)	(15, 37.08846551534485)	(20, 37.27739229274374)	(25, 37.53613903860961)	(30, 37.450647893521065)	(35, 37.32340263264034)	(40, 36.50356029773035)	(45, 35.84667326660067)	(50, 36.64539287940455)	(55, 36.93793128735379)	(60, 37.012622007113265)	(65, 37.13618303816962)	(70, 37.19962160378396)	(75, 34.461454185458145)	(80, 28.82613427199061)	(85, 28.093057602757305)	(90, 27.930153631797015)	(95, 27.69785502144979)	(100, 27.513534997983356)	(105, 27.35340886591134)	(110, 27.120109998900013)	(115, 26.72442195578044)	(120, 26.31678656546768)	(125, 25.91607963920361)	(130, 25.476246837531626)	(135, 25.0520265464012)	(140, 24.57180508194918)	(145, 24.15415099182341)	(150, 23.677166428335717)	(155, 23.169533238000955)	(160, 22.640252264144024)	(165, 22.128591647416858)	(170, 21.659993400066)	(175, 21.148829978366884)	(180, 20.66519708136252)	(185, 20.232528874711253)	(190, 19.75927254060793)	(195, 19.231794082059174)	(200, 18.729536171304954)	(205, 18.241356653100134)	(210, 17.875234847651523)	(215, 17.572224544421225)	(220, 17.395089649103507)	(225, 17.34758332416676)	(230, 17.13549517838155)	(235, 16.939556337769954)	(240, 16.755927107395593)	(245, 16.650152165145016)	(250, 16.582117845488213)
SRR908445_2	(1, 31.793253400799326)	(2, 31.782055512778207)	(3, 31.9960327063396)	(4, 31.777127562057714)	(5, 32.168818978476885)	(6, 33.90265097349027)	(7, 34.17786822131779)	(8, 34.29995966707)	(9, 34.513342866571335)	(10, 35.399919334139994)	(15, 36.612520808125254)	(20, 36.58733692663073)	(25, 37.29721262787372)	(30, 37.42955157115095)	(35, 37.358694679719875)	(40, 37.13809848568181)	(45, 36.16730246030873)	(50, 35.776831298353684)	(55, 36.318106552267814)	(60, 36.70921570784292)	(65, 36.529984966817)	(70, 33.00825725076082)	(75, 27.582027646390202)	(80, 27.421033256334102)	(85, 27.010295897041033)	(90, 26.588061452718808)	(95, 26.359268140651928)	(100, 26.224642686906463)	(105, 25.97980713526198)	(110, 25.595613243867557)	(115, 25.207462325376746)	(120, 24.730248964177026)	(125, 24.28059252740806)	(130, 23.83076009239908)	(135, 23.39588457448759)	(140, 22.91090969090309)	(145, 22.42140138598614)	(150, 21.872760605727276)	(155, 21.34077805888608)	(160, 20.787832655006785)	(165, 20.254933450665494)	(170, 19.702639240274266)	(175, 19.112616873831264)	(180, 18.443198768012316)	(185, 17.80681553184468)	(190, 17.181068455982107)	(195, 16.82186338136619)	(200, 16.48323690096432)	(205, 16.243914494188395)	(210, 16.054223591097422)	(215, 15.936995563377701)	(220, 15.776715432845668)	(225, 15.82117845488212)	(230, 15.996592967403657)	(235, 16.086931397352693)	(240, 15.886224471088621)	(245, 15.444172624940418)	(250, 15.31910680893191)
SRR908446_1	(1, 32.865797571748615)	(2, 33.208562918175446)	(3, 33.30254310944117)	(4, 33.31570897968101)	(5, 33.20581509154057)	(6, 34.84412932866596)	(7, 34.856591804600214)	(8, 34.81587301369873)	(9, 34.94965970646472)	(10, 36.10674840743174)	(15, 37.3232818035934)	(20, 37.48699446530732)	(25, 37.79850951637019)	(30, 37.5513279906415)	(35, 37.55796893695683)	(40, 37.3888326736586)	(45, 37.24177764932061)	(50, 37.18184352319044)	(55, 37.09911681893179)	(60, 37.06906688273041)	(65, 37.223812123175506)	(70, 36.99557032812967)	(75, 34.0370919611003)	(80, 32.24484477724591)	(85, 32.00870756946789)	(90, 31.864858023249678)	(95, 31.745866856430172)	(100, 31.64349538341839)	(105, 31.562248752279867)	(110, 31.39942577820272)	(115, 31.159415449881273)	(120, 30.908819276976402)	(125, 30.616819137256407)	(130, 30.347858825269874)	(135, 30.03326377012499)	(140, 29.65492776681554)	(145, 29.27004547064065)	(150, 28.819298619306153)	(155, 28.333664643238002)	(160, 27.823770618117162)	(165, 27.279223841710937)	(170, 26.702977748220455)	(175, 26.084953457487792)	(180, 25.467841593136733)	(185, 24.789519630317322)	(190, 24.01312943345595)	(195, 23.034998900732365)	(200, 22.087217058442)	(205, 21.07692037946308)	(210, 20.027369229957884)	(215, 19.200387517524927)	(220, 18.64054482580546)	(225, 18.313447159471885)	(230, 17.968458347345283)	(235, 17.674724035880647)	(240, 17.430959622975173)	(245, 17.237864256542355)	(250, 17.053643918104903)
SRR908446_2	(1, 31.905427368545055)	(2, 32.089210534066)	(3, 32.16948515235301)	(4, 32.06305001907452)	(5, 32.307251810367084)	(6, 33.82060774089885)	(7, 33.906440338533336)	(8, 34.097826600632985)	(9, 34.22817577049757)	(10, 35.517995456360445)	(15, 36.49805535788524)	(20, 36.728690337334754)	(25, 37.30411139793283)	(30, 37.28659338672372)	(35, 37.28116252517871)	(40, 36.90883626254484)	(45, 36.01740733105352)	(50, 35.83769809932859)	(55, 36.62158386316207)	(60, 36.495558068384724)	(65, 35.70367648519276)	(70, 32.44084823737058)	(75, 31.04438849556492)	(80, 30.902904874652666)	(85, 30.59456804261186)	(90, 30.328914848194906)	(95, 30.21213591468313)	(100, 30.02959447640273)	(105, 29.865940579276373)	(110, 29.59594428459594)	(115, 29.31759739134544)	(120, 28.95342050308788)	(125, 28.620230770863998)	(130, 28.249702238875994)	(135, 27.842374472882334)	(140, 27.346263551641265)	(145, 26.864385988823773)	(150, 26.30832998302128)	(155, 25.726372629126274)	(160, 25.016900092667235)	(165, 24.327450527819693)	(170, 23.55051925841556)	(175, 22.661064625293566)	(180, 21.547667600644626)	(185, 20.276895586012387)	(190, 18.966863758618636)	(195, 18.1446589633461)	(200, 17.59799871649374)	(205, 17.28108581615999)	(210, 17.020826087641424)	(215, 16.799356466125094)	(220, 16.57880927055887)	(225, 16.58258828557398)	(230, 16.77850161260165)	(235, 16.82600024793451)	(240, 16.570687977162628)	(245, 16.051018620429392)	(250, 15.913157856886997)
SRR908447_1	(1, 32.98436551491285)	(2, 33.26893693548698)	(3, 33.38586231086681)	(4, 33.34047384543255)	(5, 33.19085547941731)	(6, 35.42497389004253)	(7, 35.478087753948856)	(8, 35.59194816145663)	(9, 35.67595837101856)	(10, 36.36659954760235)	(15, 37.34343699759106)	(20, 37.53044377305942)	(25, 37.78295234079924)	(30, 37.44260795177224)	(35, 37.81583076898854)	(40, 37.77350867095505)	(45, 37.49376877336557)	(50, 37.39284141065496)	(55, 37.23695420567124)	(60, 37.12423581358978)	(65, 37.705757836048704)	(70, 37.30521306949885)	(75, 37.008550770528025)	(80, 36.91919890976713)	(85, 36.8669083186237)	(90, 36.80329204140506)	(95, 36.74568114187547)	(100, 36.714949590725325)	(105, 36.624244035820944)	(110, 36.52808626694961)	(115, 36.37250240981349)	(120, 36.17376513459093)	(125, 35.89511337057246)	(130, 35.6121475593094)	(135, 35.232873879721)	(140, 34.739783178014804)	(145, 34.22715750471029)	(150, 33.62835270222753)	(155, 32.950925525829184)	(160, 32.24148063139738)	(165, 31.467782324302295)	(170, 30.654910159003954)	(175, 29.782484898210527)	(180, 28.90147807725748)	(185, 27.960075644526704)	(190, 26.897066063003287)	(195, 25.54784656267002)	(200, 24.229120343724254)	(205, 22.831601008360437)	(210, 21.280049893198463)	(215, 20.100879428852334)	(220, 19.301639722823342)	(225, 18.800250515638858)	(230, 18.36757082052619)	(235, 18.012124816967884)	(240, 17.733304409740022)	(245, 17.51609755414864)	(250, 17.301180327524705)
SRR908447_2	(1, 31.928216423119515)	(2, 32.01214441036981)	(3, 32.25560817394742)	(4, 32.09402383747273)	(5, 32.215317491834625)	(6, 34.23715363851223)	(7, 34.459216858722826)	(8, 34.67823260517021)	(9, 34.893992697958964)	(10, 35.87545978891609)	(15, 36.75751240769671)	(20, 36.98610442933342)	(25, 37.56529798590325)	(30, 37.6005027806886)	(35, 37.519113188633725)	(40, 37.240507958944825)	(45, 36.29870036265287)	(50, 36.26712384604484)	(55, 36.97372944660886)	(60, 36.62434690118103)	(65, 36.369279645079516)	(70, 36.15572730882875)	(75, 35.72169881792307)	(80, 35.582676283761444)	(85, 35.322279972219356)	(90, 35.11783681845139)	(95, 35.025474921320246)	(100, 34.8269517739901)	(105, 34.70728857057386)	(110, 34.46982983480313)	(115, 34.20096007669417)	(120, 33.81313597645992)	(125, 33.44329861918998)	(130, 32.989317047484256)	(135, 32.486627678129395)	(140, 31.844589684423774)	(145, 31.193026498326685)	(150, 30.429653564162265)	(155, 29.645986064192886)	(160, 28.686991555593654)	(165, 27.736751448949565)	(170, 26.661757703093485)	(175, 25.44537901861548)	(180, 23.890797923799163)	(185, 22.117742350263548)	(190, 20.30755448102851)	(195, 19.19525314850224)	(200, 18.508087001702176)	(205, 18.122135470880185)	(210, 17.74674863239804)	(215, 17.390109530615568)	(220, 17.028552135068516)	(225, 16.952004212581414)	(230, 17.145476810684002)	(235, 17.18339389210683)	(240, 16.878305030780886)	(245, 16.259816206892328)	(250, 16.072066106738557)
SRR908448_1	(1, 32.92241242303532)	(2, 33.22785647272336)	(3, 33.31671511404359)	(4, 33.31448756004655)	(5, 33.19508400108686)	(6, 35.10757112023665)	(7, 35.139782217505655)	(8, 35.171777993099454)	(9, 35.30654116489026)	(10, 36.27882823995037)	(15, 37.33391777788031)	(20, 37.513181787887646)	(25, 37.83930953516152)	(30, 37.55590109557719)	(35, 37.614820795972456)	(40, 37.50814121000528)	(45, 37.35816556186141)	(50, 37.37985409393152)	(55, 37.31373701020727)	(60, 37.28873918905755)	(65, 37.54505349718288)	(70, 37.27115817427726)	(75, 34.91052769190544)	(80, 33.532121892575)	(85, 33.35790153647395)	(90, 33.26422174031181)	(95, 33.18034318173662)	(100, 33.13428792609339)	(105, 33.06646877579375)	(110, 32.938642550639045)	(115, 32.76287341648852)	(120, 32.54843404748355)	(125, 32.29015979944324)	(130, 32.02261595328545)	(135, 31.706619603500513)	(140, 31.320820580650782)	(145, 30.92363616788939)	(150, 30.48699046945252)	(155, 30.00083872919198)	(160, 29.510958335255843)	(165, 28.97603572289126)	(170, 28.419693730550556)	(175, 27.821760305961845)	(180, 27.211466391875195)	(185, 26.56218182377459)	(190, 25.797704260805812)	(195, 24.771661104190056)	(200, 23.706994878420154)	(205, 22.529404738102194)	(210, 21.170585521155353)	(215, 20.068621992545765)	(220, 19.310475912169267)	(225, 18.842960775568166)	(230, 18.443448838031962)	(235, 18.139721722368332)	(240, 17.885379145583084)	(245, 17.67211020368405)	(250, 17.442418113679594)
SRR908448_2	(1, 31.705401498023654)	(2, 32.007769523780226)	(3, 32.05523513639603)	(4, 32.04277723947359)	(5, 32.24792240216962)	(6, 33.92715462659633)	(7, 34.24841969270521)	(8, 34.49494506733929)	(9, 34.662083391008785)	(10, 35.840108276042386)	(15, 36.72178235080002)	(20, 36.97653557678012)	(25, 37.62553304931379)	(30, 37.64811157764141)	(35, 37.607303506154615)	(40, 37.24238555909298)	(45, 36.31647518417693)	(50, 36.23940540457404)	(55, 37.052745607694156)	(60, 36.867929374490544)	(65, 36.23557934347396)	(70, 33.70009689475384)	(75, 32.43517125763238)	(80, 32.3122923043008)	(85, 32.02789799904643)	(90, 31.811575590724765)	(95, 31.757360156262013)	(100, 31.616298312800875)	(105, 31.493186094321146)	(110, 31.26317384149249)	(115, 31.020464787216042)	(120, 30.6841097730407)	(125, 30.381466443142262)	(130, 30.023217315964054)	(135, 29.616130156825953)	(140, 29.131171401180165)	(145, 28.669394587223223)	(150, 28.13601460086026)	(155, 27.5962267439774)	(160, 26.91950660576139)	(165, 26.24165500340926)	(170, 25.45516592585757)	(175, 24.546964220714973)	(180, 23.35667830429054)	(185, 21.890841651414714)	(190, 20.30323187581066)	(195, 19.252468252869676)	(200, 18.60605105174385)	(205, 18.220614487047378)	(210, 17.871999466822516)	(215, 17.523101452395967)	(220, 17.118628913599615)	(225, 16.972228117934755)	(230, 17.07645252413397)	(235, 17.123725885254053)	(240, 16.826395361355914)	(245, 16.247125199300715)	(250, 16.08575826553264)
SRR908449_1	(1, 32.780680010523525)	(2, 33.15385657148503)	(3, 33.21471095278957)	(4, 33.26240537987365)	(5, 33.173869026540814)	(6, 34.42331981630458)	(7, 34.43026334339432)	(8, 34.35433967667918)	(9, 34.54972198139734)	(10, 35.82073977703008)	(15, 37.29287963775991)	(20, 37.419471403880166)	(25, 37.70790674027212)	(30, 37.50729175801669)	(35, 37.26719646906939)	(40, 37.09143698263508)	(45, 36.90589883430891)	(50, 36.89834698542137)	(55, 36.89215120570934)	(60, 36.946934357859725)	(65, 36.85541300942788)	(70, 36.87470191676871)	(75, 32.82297325049204)	(80, 28.927260254052054)	(85, 28.365175131183264)	(90, 28.175109647783906)	(95, 27.985453116483633)	(100, 27.815646525072736)	(105, 27.707032444199246)	(110, 27.49238654187929)	(115, 27.154283062789244)	(120, 26.817943050867022)	(125, 26.487921593092665)	(130, 26.181116270498944)	(135, 25.868212188859495)	(140, 25.535020353248473)	(145, 25.195581896432103)	(150, 24.815675165040588)	(155, 24.43582193932545)	(160, 24.037158915189064)	(165, 23.631045059106015)	(170, 23.228139767483423)	(175, 22.799556635536426)	(180, 22.37436500861974)	(185, 21.908442907112146)	(190, 21.377174389652314)	(195, 20.738763530442178)	(200, 20.12436073482609)	(205, 19.485193247628043)	(210, 18.84452626939997)	(215, 18.294353819050908)	(220, 17.888829191453745)	(225, 17.653121589984448)	(230, 17.365046806366067)	(235, 17.10600939790573)	(240, 16.893460429666124)	(245, 16.73209907652755)	(250, 16.655528901390817)
SRR908449_2	(1, 32.21396720168643)	(2, 32.347125290978745)	(3, 32.42466300859532)	(4, 32.38900846877189)	(5, 32.562702103261515)	(6, 33.859415500439034)	(7, 33.95927352168368)	(8, 34.03840197859995)	(9, 34.151520971005915)	(10, 35.47996856263994)	(15, 36.669755416894695)	(20, 36.79740264353564)	(25, 37.33940959483326)	(30, 37.34793054030742)	(35, 37.34238459924581)	(40, 36.97734223318484)	(45, 36.17795388521145)	(50, 35.80597509654889)	(55, 36.446422501690094)	(60, 36.535035006255285)	(65, 35.68520390436027)	(70, 30.878002839575107)	(75, 27.704357604410994)	(80, 27.563825278434884)	(85, 27.192907278659117)	(90, 26.837205316377286)	(95, 26.678925090943)	(100, 26.50162703879384)	(105, 26.27380897141443)	(110, 25.921682342793776)	(115, 25.579459370653357)	(120, 25.20087496211865)	(125, 24.838385771486355)	(130, 24.467689342934754)	(135, 24.06649023854429)	(140, 23.637997910836454)	(145, 23.206716183468963)	(150, 22.716212552964514)	(155, 22.20777941452357)	(160, 21.67578668330301)	(165, 21.166583151928368)	(170, 20.602905291622584)	(175, 19.970389603469652)	(180, 19.226392507429185)	(185, 18.397947690985852)	(190, 17.527034686553314)	(195, 16.979534411809436)	(200, 16.56638533633646)	(205, 16.344068806967726)	(210, 16.201213313366758)	(215, 16.10271069525187)	(220, 16.03965569874306)	(225, 16.078776784752883)	(230, 16.200768394796405)	(235, 16.205984865220092)	(240, 16.005553489580272)	(245, 15.643586256811707)	(250, 15.564446033086934)
SRR908450_1	(1, 32.801385849390776)	(2, 33.17171722073145)	(3, 33.22371568736868)	(4, 33.289315469980544)	(5, 33.21289965693434)	(6, 34.471203350106514)	(7, 34.45557857756341)	(8, 34.3526103560216)	(9, 34.546284749348565)	(10, 35.93258541461449)	(15, 37.30902306352295)	(20, 37.45231193257086)	(25, 37.76614373820257)	(30, 37.5643794005328)	(35, 37.58467995904563)	(40, 37.10963834959701)	(45, 36.982618653649254)	(50, 37.09833125488274)	(55, 37.15166025339305)	(60, 37.19065716240543)	(65, 37.06134130423179)	(70, 36.99393836463948)	(75, 32.53973107922536)	(80, 29.4404138138517)	(85, 29.071984588733663)	(90, 28.896685316110496)	(95, 28.742449401454756)	(100, 28.62865932658201)	(105, 28.5638116681143)	(110, 28.364878228674854)	(115, 28.0989494524051)	(120, 27.825288839933428)	(125, 27.51166665857931)	(130, 27.204153666241275)	(135, 26.888413891490323)	(140, 26.50521974156044)	(145, 26.13647316857771)	(150, 25.722352644322918)	(155, 25.29933667502899)	(160, 24.858022253169842)	(165, 24.386474381681168)	(170, 23.9620104520994)	(175, 23.502873114230674)	(180, 23.054193698655393)	(185, 22.581274535017446)	(190, 22.04988863710253)	(195, 21.39748450866884)	(200, 20.76092157043521)	(205, 20.060923996642128)	(210, 19.364788944260322)	(215, 18.735902524710916)	(220, 18.270180461270456)	(225, 17.982694351305057)	(230, 17.677021394292588)	(235, 17.39139278834256)	(240, 17.137438798930525)	(245, 16.951888316843213)	(250, 16.819645482645342)
SRR908450_2	(1, 32.20025426648486)	(2, 32.445097363683566)	(3, 32.47038814458252)	(4, 32.33082787032409)	(5, 32.54203403483063)	(6, 33.870013538234595)	(7, 33.930067011835035)	(8, 34.078667333064836)	(9, 34.14932818330478)	(10, 35.6045690328654)	(15, 36.72189263549153)	(20, 36.90671719646938)	(25, 37.48644381147402)	(30, 37.47313364032939)	(35, 37.50024601738134)	(40, 37.1256707249021)	(45, 36.329551685485946)	(50, 36.07277553218849)	(55, 36.851824750222)	(60, 36.89099537564962)	(65, 35.89035097509256)	(70, 30.764915107019988)	(75, 28.32264184818738)	(80, 28.201497454908946)	(85, 27.854686703900853)	(90, 27.517474027454956)	(95, 27.436695894372654)	(100, 27.29111086309885)	(105, 27.10646001853622)	(110, 26.815246284264106)	(115, 26.518280498634045)	(120, 26.161236006851606)	(125, 25.81057146877714)	(130, 25.4470984991484)	(135, 25.018820572293688)	(140, 24.554628960176238)	(145, 24.121048315484536)	(150, 23.634661762493753)	(155, 23.082689013649844)	(160, 22.4919998253131)	(165, 21.95346243989072)	(170, 21.36565073295711)	(175, 20.70204044001689)	(180, 19.88840321617989)	(185, 18.96424450342823)	(190, 17.97558459455656)	(195, 17.355036562938235)	(200, 16.895970070311478)	(205, 16.64366104918892)	(210, 16.479176836517325)	(215, 16.333779108417485)	(220, 16.230420752803486)	(225, 16.305104254111207)	(230, 16.472661985704786)	(235, 16.495327610719954)	(240, 16.261000664780692)	(245, 15.824602708617402)	(250, 15.719246614228247)
SRR908451_1	(1, 32.64051049131346)	(2, 32.91011305401234)	(3, 32.94967666058014)	(4, 32.95257276461385)	(5, 32.82138808147235)	(6, 34.529158823051574)	(7, 34.577673863367465)	(8, 34.61053581456458)	(9, 34.809733028653774)	(10, 35.46223056519942)	(15, 36.960643005732166)	(20, 36.92676565220616)	(25, 37.145113883993375)	(30, 37.12860856328517)	(35, 37.41846125048121)	(40, 36.68861301339624)	(45, 34.95148531286753)	(50, 35.99749063180982)	(55, 36.339175811174016)	(60, 36.183698819307835)	(65, 36.255713624756744)	(70, 36.48462627896546)	(75, 33.44031800635024)	(80, 26.80171364594775)	(85, 25.639027474138146)	(90, 25.099979515361714)	(95, 24.110769975171205)	(100, 23.910681679316518)	(105, 23.71808828879102)	(110, 23.474004640830124)	(115, 23.12802086607638)	(120, 22.77224402148768)	(125, 22.476694838930705)	(130, 22.17411236177284)	(135, 21.856752690374694)	(140, 21.513783689283358)	(145, 21.200158579355016)	(150, 20.920916581608324)	(155, 20.64336491970375)	(160, 20.370868725255086)	(165, 20.09100406514115)	(170, 19.846935604067262)	(175, 19.574550309212082)	(180, 19.30186233616704)	(185, 19.06070693193096)	(190, 18.775801991248112)	(195, 18.468428934198396)	(200, 18.12697120495587)	(205, 17.80489582855064)	(210, 17.62817556041379)	(215, 17.425326782958194)	(220, 17.303014773662404)	(225, 17.292154383536005)	(230, 17.095873758118802)	(235, 16.91919163379118)	(240, 16.73324550838987)	(245, 16.608985692539704)	(250, 16.48921731022572)
SRR908451_2	(1, 31.776387216172974)	(2, 31.818417808920707)	(3, 32.0132249531149)	(4, 31.83240210638591)	(5, 32.152949611321645)	(6, 33.9045822016748)	(7, 34.20792261044929)	(8, 34.34623453498105)	(9, 34.333964943013854)	(10, 35.306366484306295)	(15, 36.5336135255122)	(20, 36.46533398789994)	(25, 37.179661226464745)	(30, 37.26344834162726)	(35, 37.198220308752944)	(40, 37.06964247242521)	(45, 35.91213043770021)	(50, 35.710027583625006)	(55, 36.18538173829815)	(60, 36.50689060849972)	(65, 36.26840597727618)	(70, 31.98116402191149)	(75, 25.40504522513677)	(80, 24.97845122007212)	(85, 23.940136470073003)	(90, 22.95911760654661)	(95, 22.798947513412138)	(100, 22.757496847837988)	(105, 22.55210762205136)	(110, 22.202955438848058)	(115, 21.88037218468667)	(120, 21.55825866447222)	(125, 21.239522284107807)	(130, 20.919985943299935)	(135, 20.61196232239289)	(140, 20.291501347394743)	(145, 20.007787341199908)	(150, 19.708018676339186)	(155, 19.42336378951681)	(160, 19.10381755957321)	(165, 18.79097051271637)	(170, 18.460848911665295)	(175, 18.099226881496367)	(180, 17.69613582021551)	(185, 17.31066260741191)	(190, 16.904483310317545)	(195, 16.648423212627012)	(200, 16.34538442249213)	(205, 16.150641910863566)	(210, 15.975303296260847)	(215, 15.861512190125698)	(220, 15.736359526592945)	(225, 15.79912516467177)	(230, 16.033096111803744)	(235, 16.152733463069374)	(240, 15.950634494011776)	(245, 15.492637538452845)	(250, 15.387175556881957)
SRR908452_1	(1, 32.93648836222225)	(2, 33.208622509263186)	(3, 33.30398173746458)	(4, 33.2765191056864)	(5, 33.132549642664586)	(6, 35.11169742924988)	(7, 35.16744003303775)	(8, 35.27166095006481)	(9, 35.42216626707811)	(10, 36.099437899349574)	(15, 37.25362899062783)	(20, 37.4448837369369)	(25, 37.70941862732727)	(30, 37.42125830245603)	(35, 37.671785415208845)	(40, 37.48989365973409)	(45, 37.11851261285031)	(50, 37.18330102210547)	(55, 37.180214057104834)	(60, 37.15187386002547)	(65, 37.53151893361477)	(70, 37.28183956041435)	(75, 36.27456265127964)	(80, 33.93445849058769)	(85, 33.45228224335517)	(90, 33.364290548679065)	(95, 33.26110837071111)	(100, 33.204795062691424)	(105, 33.08720532733759)	(110, 32.93906771592121)	(115, 32.66515090681747)	(120, 32.350377410436714)	(125, 31.974860335195537)	(130, 31.599514758009935)	(135, 31.177202230048294)	(140, 30.67500487536278)	(145, 30.148038957016507)	(150, 29.549722391107338)	(155, 28.920110584699394)	(160, 28.27108049510743)	(165, 27.59723538251523)	(170, 26.891274247760197)	(175, 26.148820162206185)	(180, 25.41036559485162)	(185, 24.62200968189692)	(190, 23.732858224450233)	(195, 22.704944191435423)	(200, 21.722124969887467)	(205, 20.70556135500671)	(210, 19.732931641678043)	(215, 18.980597203262477)	(220, 18.476856366076653)	(225, 18.22077764904271)	(230, 17.911538549780325)	(235, 17.63308994757551)	(240, 17.383145584068462)	(245, 17.18722138735618)	(250, 17.011216202264464)
SRR908452_2	(1, 31.924317162424146)	(2, 31.95743808289264)	(3, 32.07122331455841)	(4, 31.877685751322083)	(5, 32.18948814426485)	(6, 33.97143610980464)	(7, 34.24521067302949)	(8, 34.520642859601026)	(9, 34.73701719569133)	(10, 35.73851020384752)	(15, 36.769537586179204)	(20, 36.90974040127104)	(25, 37.5317988367958)	(30, 37.59422126117032)	(35, 37.50164959333738)	(40, 37.260550858637416)	(45, 36.29510169433196)	(50, 36.14901804457802)	(55, 36.806874835098014)	(60, 36.79856836405768)	(65, 36.66667087286201)	(70, 35.389770341734256)	(75, 32.68611439321808)	(80, 32.473331191997524)	(85, 32.17239971091966)	(90, 31.903060007112295)	(95, 31.793778463515075)	(100, 31.6594828674016)	(105, 31.507722574650405)	(110, 31.156621316233235)	(115, 30.79203423078247)	(120, 30.338490128824294)	(125, 29.898646369862227)	(130, 29.449046149610545)	(135, 28.93994069264566)	(140, 28.322353825152284)	(145, 27.747414337008017)	(150, 27.079348536817594)	(155, 26.41976758858821)	(160, 25.6026063115873)	(165, 24.802191045392497)	(170, 23.919696465648766)	(175, 22.905686393722828)	(180, 21.666505684099437)	(185, 20.297161391715324)	(190, 19.00423582990146)	(195, 18.219697612792952)	(200, 17.692812568111684)	(205, 17.401279065765777)	(210, 17.092244158168242)	(215, 16.844371537058493)	(220, 16.520446697945466)	(225, 16.464942126575888)	(230, 16.668599222236242)	(235, 16.760074220228738)	(240, 16.48086448785748)	(245, 15.880910373624861)	(250, 15.711721232491712)
SRR908453_1	(1, 32.78881410170461)	(2, 33.065283848649806)	(3, 33.1366415488992)	(4, 33.120274775861915)	(5, 32.96237251168736)	(6, 34.85336944571076)	(7, 34.89281596095573)	(8, 34.93389825963369)	(9, 35.12388154425107)	(10, 35.79498627908431)	(15, 37.11723919086821)	(20, 37.279969250846946)	(25, 37.56332984723749)	(30, 37.460045766181295)	(35, 37.64261081762355)	(40, 37.147626326280694)	(45, 35.86217943561002)	(50, 36.811217183770886)	(55, 37.14878210113253)	(60, 37.12970779365888)	(65, 37.37558660266553)	(70, 37.39430604345999)	(75, 35.358388529850814)	(80, 29.83903086535625)	(85, 28.89040250998901)	(90, 28.722210005988934)	(95, 28.431681460227217)	(100, 28.361880882786732)	(105, 28.26228759396816)	(110, 28.154175717107798)	(115, 27.91641951141026)	(120, 27.649292501318463)	(125, 27.39684016697505)	(130, 27.17202899716643)	(135, 26.892890152226187)	(140, 26.566580855076733)	(145, 26.245479248791035)	(150, 25.899716642979094)	(155, 25.50806718332395)	(160, 25.094233639930994)	(165, 24.658788090066416)	(170, 24.20294977340377)	(175, 23.693082334432795)	(180, 23.147743423346117)	(185, 22.59087447373361)	(190, 21.94573310807791)	(195, 21.18279209460728)	(200, 20.439252545296902)	(205, 19.667267347796162)	(210, 18.98110446667203)	(215, 18.408727753792245)	(220, 18.042988924941675)	(225, 17.874676642264)	(230, 17.608493559661405)	(235, 17.351912436423444)	(240, 17.13714569199002)	(245, 16.95396297587443)	(250, 16.797587442904007)
SRR908453_2	(1, 31.80573060523987)	(2, 31.949277305516077)	(3, 32.15380386688477)	(4, 31.96175127153111)	(5, 32.067411260983434)	(6, 34.06068041439847)	(7, 34.378116256826935)	(8, 34.56764366737283)	(9, 34.68112055634514)	(10, 35.49371608877924)	(15, 36.64459699838209)	(20, 36.64226667739312)	(25, 37.35468522342298)	(30, 37.466101740366305)	(35, 37.39190689442493)	(40, 37.284679949585694)	(45, 36.27401428405424)	(50, 35.9895685285994)	(55, 36.49392793614188)	(60, 36.92664092318969)	(65, 36.90043263343255)	(70, 34.144650630625804)	(75, 28.249041323643773)	(80, 28.153123631260446)	(85, 27.74031803920517)	(90, 27.288607617566345)	(95, 27.186886916414153)	(100, 27.181720343603907)	(105, 27.059075022570234)	(110, 26.79752129647011)	(115, 26.541743763016996)	(120, 26.256882357673437)	(125, 25.968819107380693)	(130, 25.673561091594934)	(135, 25.36049359541623)	(140, 24.994924602004055)	(145, 24.624015624860334)	(150, 24.177596024063)	(155, 23.74668061105003)	(160, 23.172666326995788)	(165, 22.62133937589946)	(170, 21.97709813806727)	(175, 21.24338044032072)	(180, 20.310123979870035)	(185, 19.288066825775655)	(190, 18.288250963145707)	(195, 17.66174680217747)	(200, 17.21723919086822)	(205, 16.955399426134992)	(210, 16.6881311844681)	(215, 16.458097127993348)	(220, 16.235475941469346)	(225, 16.21448696289543)	(230, 16.398377624627926)	(235, 16.49362580783567)	(240, 16.227499932959695)	(245, 15.715787544805272)	(250, 15.595405057520582)
