Sample	0	1	2	3	4	5	6	7	8	9	10	11	12	13	14	15	16	17	18	19	20	21	22	23	24	25	26	27	28	29	30	31	32	33	34	35	36	37	38	39	40
SRR908430_1	(251, 719361.0)																																								
SRR908430_1_paired	(50, 4899.0)	(55, 6202.0)	(60, 6443.0)	(65, 7775.0)	(70, 9007.0)	(75, 9001.0)	(80, 9128.0)	(85, 10389.0)	(90, 9927.0)	(95, 10289.0)	(100, 10525.0)	(105, 10252.0)	(110, 10312.0)	(115, 10162.0)	(120, 10175.0)	(125, 10389.0)	(130, 10021.0)	(135, 9749.0)	(140, 10294.0)	(145, 9667.0)	(150, 8833.0)	(155, 8225.0)	(160, 7659.0)	(165, 6982.0)	(170, 6573.0)	(175, 7233.0)	(180, 7890.0)	(185, 10001.0)	(190, 9510.0)	(195, 6222.0)	(200, 4391.0)	(205, 3881.0)	(210, 4016.0)	(215, 4046.0)	(220, 4318.0)	(225, 3426.0)	(230, 2647.0)	(235, 1757.0)	(240, 1142.0)	(245, 816.0)	(250, 1156.0)
SRR908430_2	(251, 719361.0)																																								
SRR908430_2_paired	(50, 6238.0)	(55, 7430.0)	(60, 8145.0)	(65, 9404.0)	(70, 9437.0)	(75, 9778.0)	(80, 9962.0)	(85, 11190.0)	(90, 10648.0)	(95, 10855.0)	(100, 10964.0)	(105, 10603.0)	(110, 10599.0)	(115, 10387.0)	(120, 10440.0)	(125, 10441.0)	(130, 9988.0)	(135, 9843.0)	(140, 10307.0)	(145, 9945.0)	(150, 9195.0)	(155, 8643.0)	(160, 8191.0)	(165, 7635.0)	(170, 7148.0)	(175, 7630.0)	(180, 8742.0)	(185, 10572.0)	(190, 9853.0)	(195, 7248.0)	(200, 5059.0)	(205, 3291.0)	(210, 2330.0)	(215, 1413.0)	(220, 965.0)	(225, 481.0)	(230, 203.0)	(235, 86.0)	(240, 29.0)	(245, 7.0)	(250, 5.0)
SRR908431_1	(251, 508498.0)																																								
SRR908431_1_paired	(50, 3706.0)	(55, 4227.0)	(60, 4085.0)	(65, 4007.0)	(70, 4679.0)	(75, 4737.0)	(80, 5114.0)	(85, 6976.0)	(90, 4913.0)	(95, 5080.0)	(100, 5343.0)	(105, 5238.0)	(110, 4860.0)	(115, 4770.0)	(120, 5105.0)	(125, 4817.0)	(130, 4840.0)	(135, 4693.0)	(140, 4840.0)	(145, 4605.0)	(150, 4519.0)	(155, 4552.0)	(160, 5091.0)	(165, 5716.0)	(170, 7351.0)	(175, 9354.0)	(180, 12304.0)	(185, 19488.0)	(190, 20420.0)	(195, 11850.0)	(200, 6264.0)	(205, 4236.0)	(210, 3114.0)	(215, 3167.0)	(220, 3985.0)	(225, 1623.0)	(230, 1010.0)	(235, 664.0)	(240, 421.0)	(245, 284.0)	(250, 375.0)
SRR908431_2	(251, 508498.0)																																								
SRR908431_2_paired	(50, 3861.0)	(55, 4240.0)	(60, 4711.0)	(65, 4954.0)	(70, 5127.0)	(75, 5247.0)	(80, 5539.0)	(85, 7564.0)	(90, 5552.0)	(95, 5845.0)	(100, 6067.0)	(105, 5984.0)	(110, 5657.0)	(115, 5591.0)	(120, 5835.0)	(125, 5643.0)	(130, 5764.0)	(135, 5731.0)	(140, 5836.0)	(145, 6089.0)	(150, 6065.0)	(155, 6551.0)	(160, 7058.0)	(165, 7331.0)	(170, 8473.0)	(175, 10472.0)	(180, 13810.0)	(185, 18592.0)	(190, 16418.0)	(195, 8644.0)	(200, 4018.0)	(205, 1790.0)	(210, 1009.0)	(215, 615.0)	(220, 404.0)	(225, 210.0)	(230, 82.0)	(235, 28.0)	(240, 9.0)	(245, 2.0)	(250, 5.0)
SRR908432_1	(251, 409754.0)																																								
SRR908432_1_paired	(50, 1404.0)	(55, 1571.0)	(60, 1667.0)	(65, 1823.0)	(70, 2110.0)	(75, 2055.0)	(80, 2194.0)	(85, 2706.0)	(90, 3186.0)	(95, 3083.0)	(100, 2455.0)	(105, 2344.0)	(110, 2252.0)	(115, 2301.0)	(120, 2486.0)	(125, 2486.0)	(130, 2181.0)	(135, 2153.0)	(140, 2200.0)	(145, 1978.0)	(150, 1843.0)	(155, 1874.0)	(160, 1938.0)	(165, 2015.0)	(170, 2224.0)	(175, 2489.0)	(180, 2954.0)	(185, 3844.0)	(190, 3365.0)	(195, 2138.0)	(200, 1267.0)	(205, 1148.0)	(210, 1110.0)	(215, 1097.0)	(220, 1132.0)	(225, 795.0)	(230, 615.0)	(235, 409.0)	(240, 264.0)	(245, 183.0)	(250, 203.0)
SRR908432_2	(251, 409754.0)																																								
SRR908432_2_paired	(50, 1671.0)	(55, 1760.0)	(60, 2076.0)	(65, 2253.0)	(70, 2219.0)	(75, 2206.0)	(80, 2378.0)	(85, 2908.0)	(90, 3384.0)	(95, 3260.0)	(100, 2656.0)	(105, 2508.0)	(110, 2393.0)	(115, 2468.0)	(120, 2599.0)	(125, 2562.0)	(130, 2336.0)	(135, 2326.0)	(140, 2330.0)	(145, 2254.0)	(150, 2091.0)	(155, 2098.0)	(160, 2244.0)	(165, 2236.0)	(170, 2328.0)	(175, 2572.0)	(180, 3053.0)	(185, 3704.0)	(190, 3180.0)	(195, 2127.0)	(200, 1364.0)	(205, 758.0)	(210, 536.0)	(215, 299.0)	(220, 228.0)	(225, 121.0)	(230, 36.0)	(235, 15.0)	(240, 3.0)	(245, 0.0)	(250, 2.0)
SRR908433_1	(251, 256310.0)																																								
SRR908433_1_paired	(50, 474.0)	(55, 493.0)	(60, 542.0)	(65, 551.0)	(70, 736.0)	(75, 748.0)	(80, 801.0)	(85, 914.0)	(90, 768.0)	(95, 862.0)	(100, 848.0)	(105, 955.0)	(110, 968.0)	(115, 889.0)	(120, 933.0)	(125, 973.0)	(130, 919.0)	(135, 777.0)	(140, 867.0)	(145, 824.0)	(150, 787.0)	(155, 796.0)	(160, 832.0)	(165, 860.0)	(170, 962.0)	(175, 1103.0)	(180, 1439.0)	(185, 2023.0)	(190, 1985.0)	(195, 1225.0)	(200, 701.0)	(205, 658.0)	(210, 640.0)	(215, 598.0)	(220, 637.0)	(225, 455.0)	(230, 321.0)	(235, 207.0)	(240, 140.0)	(245, 105.0)	(250, 134.0)
SRR908433_2	(251, 256310.0)																																								
SRR908433_2_paired	(50, 574.0)	(55, 601.0)	(60, 705.0)	(65, 721.0)	(70, 769.0)	(75, 772.0)	(80, 874.0)	(85, 988.0)	(90, 849.0)	(95, 903.0)	(100, 951.0)	(105, 1045.0)	(110, 1059.0)	(115, 933.0)	(120, 1014.0)	(125, 1016.0)	(130, 1061.0)	(135, 915.0)	(140, 956.0)	(145, 987.0)	(150, 1002.0)	(155, 994.0)	(160, 1043.0)	(165, 1057.0)	(170, 1155.0)	(175, 1262.0)	(180, 1541.0)	(185, 1943.0)	(190, 1737.0)	(195, 1133.0)	(200, 690.0)	(205, 436.0)	(210, 310.0)	(215, 221.0)	(220, 132.0)	(225, 64.0)	(230, 28.0)	(235, 2.0)	(240, 7.0)		
SRR908434_1	(251, 177760.0)																																								
SRR908434_1_paired	(50, 327.0)	(55, 371.0)	(60, 407.0)	(65, 481.0)	(70, 546.0)	(75, 537.0)	(80, 533.0)	(85, 661.0)	(90, 604.0)	(95, 600.0)	(100, 592.0)	(105, 604.0)	(110, 612.0)	(115, 625.0)	(120, 632.0)	(125, 556.0)	(130, 600.0)	(135, 525.0)	(140, 523.0)	(145, 510.0)	(150, 442.0)	(155, 423.0)	(160, 467.0)	(165, 451.0)	(170, 526.0)	(175, 609.0)	(180, 801.0)	(185, 1428.0)	(190, 1745.0)	(195, 1216.0)	(200, 701.0)	(205, 479.0)	(210, 413.0)	(215, 345.0)	(220, 465.0)	(225, 218.0)	(230, 125.0)	(235, 77.0)	(240, 59.0)	(245, 40.0)	(250, 44.0)
SRR908434_2	(251, 177760.0)																																								
SRR908434_2_paired	(50, 386.0)	(55, 427.0)	(60, 535.0)	(65, 603.0)	(70, 582.0)	(75, 573.0)	(80, 591.0)	(85, 735.0)	(90, 627.0)	(95, 662.0)	(100, 685.0)	(105, 658.0)	(110, 663.0)	(115, 658.0)	(120, 679.0)	(125, 601.0)	(130, 619.0)	(135, 557.0)	(140, 586.0)	(145, 626.0)	(150, 550.0)	(155, 576.0)	(160, 593.0)	(165, 647.0)	(170, 682.0)	(175, 790.0)	(180, 1021.0)	(185, 1486.0)	(190, 1578.0)	(195, 920.0)	(200, 494.0)	(205, 222.0)	(210, 136.0)	(215, 78.0)	(220, 54.0)	(225, 26.0)	(230, 10.0)	(235, 2.0)	(240, 2.0)		
SRR908435_1	(251, 241818.0)																																								
SRR908435_1_paired	(50, 1554.0)	(55, 1763.0)	(60, 1930.0)	(65, 2137.0)	(70, 2485.0)	(75, 2615.0)	(80, 2543.0)	(85, 3471.0)	(90, 2869.0)	(95, 3020.0)	(100, 3306.0)	(105, 3272.0)	(110, 3335.0)	(115, 3310.0)	(120, 3403.0)	(125, 3354.0)	(130, 3474.0)	(135, 3390.0)	(140, 3438.0)	(145, 3480.0)	(150, 3131.0)	(155, 3081.0)	(160, 3137.0)	(165, 3304.0)	(170, 3356.0)	(175, 4016.0)	(180, 4719.0)	(185, 7010.0)	(190, 7316.0)	(195, 5201.0)	(200, 3354.0)	(205, 2998.0)	(210, 3163.0)	(215, 3301.0)	(220, 3654.0)	(225, 2783.0)	(230, 1985.0)	(235, 1348.0)	(240, 962.0)	(245, 636.0)	(250, 881.0)
SRR908435_2	(251, 241818.0)																																								
SRR908435_2_paired	(50, 1910.0)	(55, 1988.0)	(60, 2538.0)	(65, 2738.0)	(70, 2685.0)	(75, 2903.0)	(80, 2871.0)	(85, 3838.0)	(90, 3236.0)	(95, 3383.0)	(100, 3747.0)	(105, 3625.0)	(110, 3683.0)	(115, 3780.0)	(120, 3764.0)	(125, 3711.0)	(130, 3803.0)	(135, 3731.0)	(140, 3776.0)	(145, 3903.0)	(150, 3711.0)	(155, 3781.0)	(160, 3809.0)	(165, 3977.0)	(170, 4003.0)	(175, 4747.0)	(180, 5727.0)	(185, 7591.0)	(190, 7769.0)	(195, 5788.0)	(200, 3942.0)	(205, 2549.0)	(210, 1791.0)	(215, 1233.0)	(220, 778.0)	(225, 421.0)	(230, 171.0)	(235, 56.0)	(240, 19.0)	(245, 5.0)	(250, 4.0)
SRR908436_1	(251, 244368.0)																																								
SRR908436_1_paired	(50, 484.0)	(55, 594.0)	(60, 615.0)	(65, 719.0)	(70, 777.0)	(75, 864.0)	(80, 925.0)	(85, 1123.0)	(90, 937.0)	(95, 963.0)	(100, 898.0)	(105, 964.0)	(110, 905.0)	(115, 980.0)	(120, 1003.0)	(125, 1011.0)	(130, 957.0)	(135, 1022.0)	(140, 954.0)	(145, 940.0)	(150, 953.0)	(155, 916.0)	(160, 969.0)	(165, 1076.0)	(170, 1203.0)	(175, 1567.0)	(180, 2198.0)	(185, 4251.0)	(190, 4905.0)	(195, 3164.0)	(200, 1845.0)	(205, 1324.0)	(210, 1045.0)	(215, 994.0)	(220, 1298.0)	(225, 585.0)	(230, 375.0)	(235, 249.0)	(240, 167.0)	(245, 137.0)	(250, 167.0)
SRR908436_2	(251, 244368.0)																																								
SRR908436_2_paired	(50, 581.0)	(55, 677.0)	(60, 821.0)	(65, 948.0)	(70, 876.0)	(75, 972.0)	(80, 1020.0)	(85, 1227.0)	(90, 1060.0)	(95, 1114.0)	(100, 1057.0)	(105, 1111.0)	(110, 1064.0)	(115, 1179.0)	(120, 1148.0)	(125, 1198.0)	(130, 1161.0)	(135, 1268.0)	(140, 1205.0)	(145, 1269.0)	(150, 1359.0)	(155, 1469.0)	(160, 1545.0)	(165, 1698.0)	(170, 1791.0)	(175, 2249.0)	(180, 2940.0)	(185, 4167.0)	(190, 3867.0)	(195, 2287.0)	(200, 1224.0)	(205, 609.0)	(210, 382.0)	(215, 225.0)	(220, 140.0)	(225, 77.0)	(230, 32.0)	(235, 3.0)	(240, 3.0)		
SRR908437_1	(251, 65873.0)																																								
SRR908437_1_paired	(50, 56.0)	(55, 76.0)	(60, 86.0)	(65, 81.0)	(70, 108.0)	(75, 93.0)	(80, 149.0)	(85, 124.0)	(90, 150.0)	(95, 167.0)	(100, 171.0)	(105, 160.0)	(110, 193.0)	(115, 217.0)	(120, 173.0)	(125, 161.0)	(130, 183.0)	(135, 177.0)	(140, 195.0)	(145, 202.0)	(150, 201.0)	(155, 210.0)	(160, 197.0)	(165, 189.0)	(170, 217.0)	(175, 264.0)	(180, 378.0)	(185, 670.0)	(190, 906.0)	(195, 601.0)	(200, 376.0)	(205, 323.0)	(210, 266.0)	(215, 256.0)	(220, 347.0)	(225, 177.0)	(230, 146.0)	(235, 88.0)	(240, 78.0)	(245, 50.0)	(250, 60.0)
SRR908437_2	(251, 65873.0)																																								
SRR908437_2_paired	(50, 76.0)	(55, 91.0)	(60, 124.0)	(65, 128.0)	(70, 126.0)	(75, 111.0)	(80, 166.0)	(85, 143.0)	(90, 164.0)	(95, 182.0)	(100, 201.0)	(105, 182.0)	(110, 204.0)	(115, 241.0)	(120, 192.0)	(125, 189.0)	(130, 201.0)	(135, 232.0)	(140, 210.0)	(145, 251.0)	(150, 281.0)	(155, 276.0)	(160, 258.0)	(165, 259.0)	(170, 342.0)	(175, 397.0)	(180, 533.0)	(185, 742.0)	(190, 894.0)	(195, 570.0)	(200, 381.0)	(205, 206.0)	(210, 141.0)	(215, 100.0)	(220, 58.0)	(225, 45.0)	(230, 18.0)	(235, 6.0)	(240, 0.0)	(245, 1.0)	
SRR908438_1	(251, 551040.0)																																								
SRR908438_1_paired	(50, 1406.0)	(55, 1710.0)	(60, 1981.0)	(65, 2315.0)	(70, 2675.0)	(75, 2829.0)	(80, 3062.0)	(85, 3494.0)	(90, 3142.0)	(95, 3356.0)	(100, 3021.0)	(105, 3207.0)	(110, 3291.0)	(115, 3139.0)	(120, 3180.0)	(125, 3190.0)	(130, 2968.0)	(135, 3089.0)	(140, 2896.0)	(145, 2630.0)	(150, 2668.0)	(155, 2344.0)	(160, 2404.0)	(165, 2214.0)	(170, 2166.0)	(175, 2185.0)	(180, 2403.0)	(185, 3191.0)	(190, 3322.0)	(195, 2373.0)	(200, 1787.0)	(205, 1609.0)	(210, 1709.0)	(215, 1676.0)	(220, 1736.0)	(225, 1250.0)	(230, 924.0)	(235, 566.0)	(240, 426.0)	(245, 269.0)	(250, 354.0)
SRR908438_2	(251, 551040.0)																																								
SRR908438_2_paired	(50, 1651.0)	(55, 1936.0)	(60, 2386.0)	(65, 2737.0)	(70, 2727.0)	(75, 2975.0)	(80, 3320.0)	(85, 3749.0)	(90, 3370.0)	(95, 3504.0)	(100, 3252.0)	(105, 3345.0)	(110, 3439.0)	(115, 3300.0)	(120, 3269.0)	(125, 3262.0)	(130, 3096.0)	(135, 3284.0)	(140, 2948.0)	(145, 2838.0)	(150, 2859.0)	(155, 2585.0)	(160, 2691.0)	(165, 2481.0)	(170, 2468.0)	(175, 2548.0)	(180, 2935.0)	(185, 3568.0)	(190, 3622.0)	(195, 2809.0)	(200, 1909.0)	(205, 1252.0)	(210, 844.0)	(215, 515.0)	(220, 363.0)	(225, 206.0)	(230, 77.0)	(235, 24.0)	(240, 9.0)	(245, 2.0)	(250, 2.0)
SRR908439_1	(251, 345715.0)																																								
SRR908439_1_paired	(50, 361.0)	(55, 464.0)	(60, 481.0)	(65, 573.0)	(70, 721.0)	(75, 758.0)	(80, 830.0)	(85, 864.0)	(90, 953.0)	(95, 1083.0)	(100, 1045.0)	(105, 1130.0)	(110, 1112.0)	(115, 1219.0)	(120, 1198.0)	(125, 1230.0)	(130, 1284.0)	(135, 1213.0)	(140, 1189.0)	(145, 1187.0)	(150, 1075.0)	(155, 1103.0)	(160, 1006.0)	(165, 978.0)	(170, 1054.0)	(175, 1157.0)	(180, 1387.0)	(185, 2358.0)	(190, 2970.0)	(195, 2388.0)	(200, 1519.0)	(205, 1220.0)	(210, 990.0)	(215, 929.0)	(220, 1253.0)	(225, 674.0)	(230, 437.0)	(235, 344.0)	(240, 183.0)	(245, 155.0)	(250, 175.0)
SRR908439_2	(251, 345715.0)																																								
SRR908439_2_paired	(50, 528.0)	(55, 531.0)	(60, 707.0)	(65, 814.0)	(70, 804.0)	(75, 886.0)	(80, 919.0)	(85, 1008.0)	(90, 1085.0)	(95, 1171.0)	(100, 1150.0)	(105, 1216.0)	(110, 1246.0)	(115, 1290.0)	(120, 1272.0)	(125, 1322.0)	(130, 1325.0)	(135, 1306.0)	(140, 1320.0)	(145, 1333.0)	(150, 1287.0)	(155, 1334.0)	(160, 1347.0)	(165, 1342.0)	(170, 1352.0)	(175, 1500.0)	(180, 1943.0)	(185, 2840.0)	(190, 2987.0)	(195, 2042.0)	(200, 1246.0)	(205, 702.0)	(210, 449.0)	(215, 284.0)	(220, 207.0)	(225, 100.0)	(230, 31.0)	(235, 16.0)	(240, 3.0)	(245, 2.0)	(250, 3.0)
SRR908440_1	(251, 194554.0)																																								
SRR908440_1_paired	(50, 1129.0)	(55, 1441.0)	(60, 1476.0)	(65, 1620.0)	(70, 1928.0)	(75, 1865.0)	(80, 1954.0)	(85, 2213.0)	(90, 2360.0)	(95, 2575.0)	(100, 2615.0)	(105, 2499.0)	(110, 2502.0)	(115, 2606.0)	(120, 2687.0)	(125, 2719.0)	(130, 2703.0)	(135, 2678.0)	(140, 2648.0)	(145, 2513.0)	(150, 2396.0)	(155, 2429.0)	(160, 2342.0)	(165, 2549.0)	(170, 3026.0)	(175, 3374.0)	(180, 3995.0)	(185, 5682.0)	(190, 5087.0)	(195, 2800.0)	(200, 1645.0)	(205, 1317.0)	(210, 1107.0)	(215, 1105.0)	(220, 1200.0)	(225, 777.0)	(230, 610.0)	(235, 361.0)	(240, 259.0)	(245, 170.0)	(250, 212.0)
SRR908440_2	(251, 194554.0)																																								
SRR908440_2_paired	(50, 1271.0)	(55, 1630.0)	(60, 1793.0)	(65, 1998.0)	(70, 2006.0)	(75, 2112.0)	(80, 2175.0)	(85, 2450.0)	(90, 2701.0)	(95, 2769.0)	(100, 2876.0)	(105, 2804.0)	(110, 2842.0)	(115, 2876.0)	(120, 2963.0)	(125, 3014.0)	(130, 2990.0)	(135, 3049.0)	(140, 3056.0)	(145, 2958.0)	(150, 2989.0)	(155, 3040.0)	(160, 3030.0)	(165, 3126.0)	(170, 3247.0)	(175, 3498.0)	(180, 3988.0)	(185, 4629.0)	(190, 3839.0)	(195, 2154.0)	(200, 1302.0)	(205, 804.0)	(210, 474.0)	(215, 307.0)	(220, 222.0)	(225, 132.0)	(230, 42.0)	(235, 13.0)	(240, 2.0)	(245, 0.0)	(250, 3.0)
SRR908441_1	(251, 377233.0)																																								
SRR908441_1_paired	(50, 993.0)	(55, 1104.0)	(60, 1350.0)	(65, 1487.0)	(70, 1859.0)	(75, 1782.0)	(80, 1892.0)	(85, 2251.0)	(90, 2363.0)	(95, 2069.0)	(100, 2921.0)	(105, 2294.0)	(110, 2488.0)	(115, 2330.0)	(120, 2771.0)	(125, 2775.0)	(130, 2653.0)	(135, 2817.0)	(140, 3075.0)	(145, 3606.0)	(150, 2974.0)	(155, 2893.0)	(160, 2926.0)	(165, 3027.0)	(170, 2630.0)	(175, 2755.0)	(180, 3115.0)	(185, 3141.0)	(190, 3509.0)	(195, 3236.0)	(200, 3087.0)	(205, 3428.0)	(210, 3931.0)	(215, 4279.0)	(220, 4475.0)	(225, 4169.0)	(230, 3041.0)	(235, 1963.0)	(240, 1389.0)	(245, 986.0)	(250, 1401.0)
SRR908441_2	(251, 377233.0)																																								
SRR908441_2_paired	(50, 1414.0)	(55, 1497.0)	(60, 1847.0)	(65, 1958.0)	(70, 2043.0)	(75, 2068.0)	(80, 2301.0)	(85, 2676.0)	(90, 2732.0)	(95, 2487.0)	(100, 3202.0)	(105, 2589.0)	(110, 2731.0)	(115, 2680.0)	(120, 3036.0)	(125, 2972.0)	(130, 2877.0)	(135, 2976.0)	(140, 3208.0)	(145, 3530.0)	(150, 3155.0)	(155, 3069.0)	(160, 3217.0)	(165, 3377.0)	(170, 3079.0)	(175, 3325.0)	(180, 3989.0)	(185, 5019.0)	(190, 6148.0)	(195, 6055.0)	(200, 5406.0)	(205, 3909.0)	(210, 2928.0)	(215, 1681.0)	(220, 1123.0)	(225, 558.0)	(230, 241.0)	(235, 89.0)	(240, 26.0)	(245, 14.0)	(250, 3.0)
SRR908442_1	(251, 74668.0)																																								
SRR908442_1_paired	(50, 394.0)	(55, 481.0)	(60, 485.0)	(65, 542.0)	(70, 693.0)	(75, 654.0)	(80, 764.0)	(85, 787.0)	(90, 911.0)	(95, 971.0)	(100, 970.0)	(105, 1000.0)	(110, 1044.0)	(115, 1056.0)	(120, 1132.0)	(125, 1108.0)	(130, 1047.0)	(135, 1065.0)	(140, 1014.0)	(145, 905.0)	(150, 858.0)	(155, 792.0)	(160, 732.0)	(165, 640.0)	(170, 686.0)	(175, 682.0)	(180, 720.0)	(185, 656.0)	(190, 560.0)	(195, 440.0)	(200, 338.0)	(205, 304.0)	(210, 319.0)	(215, 274.0)	(220, 256.0)	(225, 207.0)	(230, 139.0)	(235, 87.0)	(240, 54.0)	(245, 43.0)	(250, 40.0)
SRR908442_2	(251, 74668.0)																																								
SRR908442_2_paired	(50, 437.0)	(55, 506.0)	(60, 559.0)	(65, 639.0)	(70, 683.0)	(75, 670.0)	(80, 829.0)	(85, 830.0)	(90, 947.0)	(95, 1024.0)	(100, 1037.0)	(105, 1088.0)	(110, 1089.0)	(115, 1081.0)	(120, 1199.0)	(125, 1131.0)	(130, 1034.0)	(135, 1097.0)	(140, 1048.0)	(145, 920.0)	(150, 892.0)	(155, 849.0)	(160, 762.0)	(165, 661.0)	(170, 696.0)	(175, 698.0)	(180, 711.0)	(185, 730.0)	(190, 602.0)	(195, 497.0)	(200, 308.0)	(205, 242.0)	(210, 145.0)	(215, 87.0)	(220, 65.0)	(225, 35.0)	(230, 15.0)	(235, 6.0)	(240, 1.0)		
SRR908443_1	(251, 364491.0)																																								
SRR908443_1_paired	(50, 4505.0)	(55, 5775.0)	(60, 6515.0)	(65, 7404.0)	(70, 8011.0)	(75, 8750.0)	(80, 8816.0)	(85, 9709.0)	(90, 10255.0)	(95, 10864.0)	(100, 11002.0)	(105, 10855.0)	(110, 10852.0)	(115, 10600.0)	(120, 10611.0)	(125, 10532.0)	(130, 9967.0)	(135, 9579.0)	(140, 8964.0)	(145, 8220.0)	(150, 7468.0)	(155, 6559.0)	(160, 5982.0)	(165, 5479.0)	(170, 5103.0)	(175, 4814.0)	(180, 4727.0)	(185, 5057.0)	(190, 4606.0)	(195, 3204.0)	(200, 2470.0)	(205, 2306.0)	(210, 2472.0)	(215, 2432.0)	(220, 2488.0)	(225, 2250.0)	(230, 1738.0)	(235, 1217.0)	(240, 851.0)	(245, 597.0)	(250, 848.0)
SRR908443_2	(251, 364491.0)																																								
SRR908443_2_paired	(50, 4948.0)	(55, 6095.0)	(60, 7197.0)	(65, 7998.0)	(70, 7981.0)	(75, 9109.0)	(80, 9374.0)	(85, 10260.0)	(90, 10737.0)	(95, 11219.0)	(100, 11378.0)	(105, 11166.0)	(110, 11081.0)	(115, 10721.0)	(120, 10683.0)	(125, 10545.0)	(130, 9929.0)	(135, 9585.0)	(140, 9009.0)	(145, 8307.0)	(150, 7530.0)	(155, 6758.0)	(160, 6123.0)	(165, 5561.0)	(170, 5097.0)	(175, 4937.0)	(180, 5055.0)	(185, 5569.0)	(190, 5381.0)	(195, 4251.0)	(200, 3465.0)	(205, 2507.0)	(210, 1896.0)	(215, 1306.0)	(220, 895.0)	(225, 474.0)	(230, 202.0)	(235, 90.0)	(240, 20.0)	(245, 8.0)	(250, 7.0)
SRR908444_1	(251, 467503.0)																																								
SRR908444_1_paired	(50, 7046.0)	(55, 9197.0)	(60, 10890.0)	(65, 13455.0)	(70, 14920.0)	(75, 15062.0)	(80, 15702.0)	(85, 16627.0)	(90, 17725.0)	(95, 18298.0)	(100, 18259.0)	(105, 18120.0)	(110, 18497.0)	(115, 19137.0)	(120, 19217.0)	(125, 19638.0)	(130, 18739.0)	(135, 18653.0)	(140, 17805.0)	(145, 16015.0)	(150, 14095.0)	(155, 11585.0)	(160, 9218.0)	(165, 6931.0)	(170, 5229.0)	(175, 4262.0)	(180, 3686.0)	(185, 3411.0)	(190, 3188.0)	(195, 2685.0)	(200, 2430.0)	(205, 2392.0)	(210, 2697.0)	(215, 2773.0)	(220, 2885.0)	(225, 2562.0)	(230, 2048.0)	(235, 1442.0)	(240, 1037.0)	(245, 762.0)	(250, 995.0)
SRR908444_2	(251, 467503.0)																																								
SRR908444_2_paired	(50, 8299.0)	(55, 10320.0)	(60, 12506.0)	(65, 14749.0)	(70, 14755.0)	(75, 15838.0)	(80, 16516.0)	(85, 17461.0)	(90, 18244.0)	(95, 18705.0)	(100, 18460.0)	(105, 18158.0)	(110, 18573.0)	(115, 18998.0)	(120, 19006.0)	(125, 19184.0)	(130, 18347.0)	(135, 18240.0)	(140, 17168.0)	(145, 15513.0)	(150, 13671.0)	(155, 11212.0)	(160, 8890.0)	(165, 6775.0)	(170, 5173.0)	(175, 4440.0)	(180, 4205.0)	(185, 4286.0)	(190, 4822.0)	(195, 4549.0)	(200, 3670.0)	(205, 2905.0)	(210, 2215.0)	(215, 1523.0)	(220, 1003.0)	(225, 573.0)	(230, 227.0)	(235, 85.0)	(240, 28.0)	(245, 14.0)	(250, 9.0)
SRR908445_1	(251, 136365.0)																																								
SRR908445_1_paired	(50, 1709.0)	(55, 1981.0)	(60, 1941.0)	(65, 1959.0)	(70, 2294.0)	(75, 2383.0)	(80, 2469.0)	(85, 2909.0)	(90, 2246.0)	(95, 2492.0)	(100, 2535.0)	(105, 2443.0)	(110, 2080.0)	(115, 2345.0)	(120, 2092.0)	(125, 1879.0)	(130, 1957.0)	(135, 1862.0)	(140, 1518.0)	(145, 1386.0)	(150, 1340.0)	(155, 1214.0)	(160, 1184.0)	(165, 1158.0)	(170, 1019.0)	(175, 1044.0)	(180, 1020.0)	(185, 1096.0)	(190, 791.0)	(195, 569.0)	(200, 452.0)	(205, 421.0)	(210, 424.0)	(215, 388.0)	(220, 336.0)	(225, 313.0)	(230, 228.0)	(235, 135.0)	(240, 98.0)	(245, 60.0)	(250, 80.0)
SRR908445_2	(251, 136365.0)																																								
SRR908445_2_paired	(50, 1816.0)	(55, 2065.0)	(60, 2086.0)	(65, 2092.0)	(70, 2268.0)	(75, 2419.0)	(80, 2547.0)	(85, 3002.0)	(90, 2372.0)	(95, 2585.0)	(100, 2614.0)	(105, 2515.0)	(110, 2162.0)	(115, 2392.0)	(120, 2151.0)	(125, 1974.0)	(130, 1995.0)	(135, 1892.0)	(140, 1565.0)	(145, 1434.0)	(150, 1431.0)	(155, 1336.0)	(160, 1239.0)	(165, 1099.0)	(170, 975.0)	(175, 958.0)	(180, 999.0)	(185, 1060.0)	(190, 877.0)	(195, 679.0)	(200, 450.0)	(205, 291.0)	(210, 227.0)	(215, 125.0)	(220, 89.0)	(225, 55.0)	(230, 13.0)	(235, 0.0)	(240, 1.0)		
SRR908446_1	(251, 1460063.0)																																								
SRR908446_1_paired	(50, 13144.0)	(55, 15736.0)	(60, 17422.0)	(65, 19591.0)	(70, 24184.0)	(75, 24809.0)	(80, 27030.0)	(85, 30073.0)	(90, 31323.0)	(95, 34194.0)	(100, 34604.0)	(105, 35433.0)	(110, 36255.0)	(115, 37130.0)	(120, 37759.0)	(125, 38554.0)	(130, 36804.0)	(135, 35429.0)	(140, 34037.0)	(145, 31088.0)	(150, 28537.0)	(155, 25884.0)	(160, 23821.0)	(165, 22351.0)	(170, 22120.0)	(175, 22189.0)	(180, 23031.0)	(185, 26241.0)	(190, 24536.0)	(195, 16945.0)	(200, 12459.0)	(205, 10977.0)	(210, 11623.0)	(215, 11488.0)	(220, 12200.0)	(225, 10097.0)	(230, 7953.0)	(235, 5503.0)	(240, 3734.0)	(245, 2615.0)	(250, 3615.0)
SRR908446_2	(251, 1460063.0)																																								
SRR908446_2_paired	(50, 15022.0)	(55, 17368.0)	(60, 20916.0)	(65, 23517.0)	(70, 24884.0)	(75, 26556.0)	(80, 29186.0)	(85, 32591.0)	(90, 33725.0)	(95, 36135.0)	(100, 36570.0)	(105, 37430.0)	(110, 37783.0)	(115, 38221.0)	(120, 38349.0)	(125, 38894.0)	(130, 37146.0)	(135, 36085.0)	(140, 34371.0)	(145, 31535.0)	(150, 29324.0)	(155, 27142.0)	(160, 24976.0)	(165, 22836.0)	(170, 22106.0)	(175, 22476.0)	(180, 24692.0)	(185, 27902.0)	(190, 26785.0)	(195, 20906.0)	(200, 15601.0)	(205, 11041.0)	(210, 7904.0)	(215, 5527.0)	(220, 3756.0)	(225, 2000.0)	(230, 839.0)	(235, 269.0)	(240, 97.0)	(245, 34.0)	(250, 21.0)
SRR908447_1	(251, 571621.0)																																								
SRR908447_1_paired	(50, 6443.0)	(55, 8438.0)	(60, 9991.0)	(65, 12006.0)	(70, 14023.0)	(75, 15437.0)	(80, 15786.0)	(85, 17515.0)	(90, 18450.0)	(95, 19566.0)	(100, 20794.0)	(105, 20547.0)	(110, 20436.0)	(115, 20885.0)	(120, 21079.0)	(125, 20991.0)	(130, 20454.0)	(135, 20240.0)	(140, 19460.0)	(145, 18529.0)	(150, 16444.0)	(155, 15011.0)	(160, 13482.0)	(165, 11593.0)	(170, 9942.0)	(175, 9406.0)	(180, 8820.0)	(185, 9785.0)	(190, 9095.0)	(195, 6878.0)	(200, 5523.0)	(205, 5097.0)	(210, 5683.0)	(215, 5772.0)	(220, 5927.0)	(225, 5321.0)	(230, 4125.0)	(235, 3013.0)	(240, 2031.0)	(245, 1351.0)	(250, 1880.0)
SRR908447_2	(251, 571621.0)																																								
SRR908447_2_paired	(50, 7907.0)	(55, 9753.0)	(60, 11785.0)	(65, 13514.0)	(70, 14139.0)	(75, 16160.0)	(80, 16804.0)	(85, 18648.0)	(90, 19464.0)	(95, 20402.0)	(100, 21481.0)	(105, 21062.0)	(110, 20847.0)	(115, 21144.0)	(120, 21418.0)	(125, 20979.0)	(130, 20454.0)	(135, 20287.0)	(140, 19292.0)	(145, 18345.0)	(150, 16659.0)	(155, 15184.0)	(160, 13655.0)	(165, 11851.0)	(170, 10217.0)	(175, 9826.0)	(180, 10042.0)	(185, 10916.0)	(190, 11249.0)	(195, 9605.0)	(200, 7802.0)	(205, 5682.0)	(210, 4195.0)	(215, 2820.0)	(220, 1986.0)	(225, 1014.0)	(230, 420.0)	(235, 155.0)	(240, 56.0)	(245, 16.0)	(250, 14.0)
SRR908448_1	(251, 390114.0)																																								
SRR908448_1_paired	(50, 3628.0)	(55, 4328.0)	(60, 5088.0)	(65, 6066.0)	(70, 6782.0)	(75, 6951.0)	(80, 7058.0)	(85, 7696.0)	(90, 8308.0)	(95, 8751.0)	(100, 9268.0)	(105, 9245.0)	(110, 9126.0)	(115, 9731.0)	(120, 9996.0)	(125, 10518.0)	(130, 10155.0)	(135, 10136.0)	(140, 10104.0)	(145, 9503.0)	(150, 8906.0)	(155, 8222.0)	(160, 7639.0)	(165, 6919.0)	(170, 6324.0)	(175, 6038.0)	(180, 5788.0)	(185, 5820.0)	(190, 5507.0)	(195, 4513.0)	(200, 3966.0)	(205, 4031.0)	(210, 4542.0)	(215, 5030.0)	(220, 5572.0)	(225, 5427.0)	(230, 4470.0)	(235, 3291.0)	(240, 2346.0)	(245, 1731.0)	(250, 2346.0)
SRR908448_2	(251, 390114.0)																																								
SRR908448_2_paired	(50, 4385.0)	(55, 4973.0)	(60, 5957.0)	(65, 6889.0)	(70, 6789.0)	(75, 7367.0)	(80, 7587.0)	(85, 8300.0)	(90, 8826.0)	(95, 9177.0)	(100, 9702.0)	(105, 9568.0)	(110, 9405.0)	(115, 9838.0)	(120, 10172.0)	(125, 10586.0)	(130, 10216.0)	(135, 10236.0)	(140, 10128.0)	(145, 9559.0)	(150, 9011.0)	(155, 8319.0)	(160, 7819.0)	(165, 7096.0)	(170, 6575.0)	(175, 6432.0)	(180, 6626.0)	(185, 7390.0)	(190, 8434.0)	(195, 8217.0)	(200, 7224.0)	(205, 5952.0)	(210, 4505.0)	(215, 3318.0)	(220, 2172.0)	(225, 1242.0)	(230, 562.0)	(235, 198.0)	(240, 78.0)	(245, 22.0)	(250, 14.0)
SRR908449_1	(251, 900839.0)																																								
SRR908449_1_paired	(50, 6522.0)	(55, 7366.0)	(60, 7935.0)	(65, 8112.0)	(70, 9687.0)	(75, 10268.0)	(80, 12477.0)	(85, 12815.0)	(90, 13135.0)	(95, 13600.0)	(100, 13431.0)	(105, 14159.0)	(110, 14761.0)	(115, 14830.0)	(120, 15087.0)	(125, 15189.0)	(130, 14657.0)	(135, 13980.0)	(140, 13562.0)	(145, 12607.0)	(150, 11500.0)	(155, 11498.0)	(160, 11385.0)	(165, 11546.0)	(170, 13489.0)	(175, 15352.0)	(180, 16943.0)	(185, 21180.0)	(190, 17533.0)	(195, 9781.0)	(200, 5621.0)	(205, 4380.0)	(210, 3747.0)	(215, 3707.0)	(220, 3819.0)	(225, 2538.0)	(230, 1800.0)	(235, 1199.0)	(240, 779.0)	(245, 547.0)	(250, 744.0)
SRR908449_2	(251, 900839.0)																																								
SRR908449_2_paired	(50, 7424.0)	(55, 7909.0)	(60, 9731.0)	(65, 10225.0)	(70, 10804.0)	(75, 11032.0)	(80, 12922.0)	(85, 14021.0)	(90, 14269.0)	(95, 14792.0)	(100, 14973.0)	(105, 15812.0)	(110, 16543.0)	(115, 16091.0)	(120, 16308.0)	(125, 16089.0)	(130, 15588.0)	(135, 15297.0)	(140, 14960.0)	(145, 14646.0)	(150, 13652.0)	(155, 13778.0)	(160, 13152.0)	(165, 12262.0)	(170, 12812.0)	(175, 13599.0)	(180, 15211.0)	(185, 16747.0)	(190, 12947.0)	(195, 7722.0)	(200, 4546.0)	(205, 2892.0)	(210, 1803.0)	(215, 1271.0)	(220, 813.0)	(225, 384.0)	(230, 162.0)	(235, 56.0)	(240, 16.0)	(245, 2.0)	(250, 5.0)
SRR908450_1	(251, 206083.0)																																								
SRR908450_1_paired	(50, 1511.0)	(55, 1836.0)	(60, 2061.0)	(65, 2439.0)	(70, 2884.0)	(75, 2747.0)	(80, 2810.0)	(85, 3635.0)	(90, 3129.0)	(95, 3215.0)	(100, 3257.0)	(105, 3257.0)	(110, 3250.0)	(115, 3349.0)	(120, 3149.0)	(125, 3152.0)	(130, 3008.0)	(135, 2912.0)	(140, 2759.0)	(145, 2652.0)	(150, 2387.0)	(155, 2380.0)	(160, 2588.0)	(165, 2457.0)	(170, 2791.0)	(175, 3147.0)	(180, 3742.0)	(185, 5119.0)	(190, 4776.0)	(195, 2819.0)	(200, 1783.0)	(205, 1398.0)	(210, 1360.0)	(215, 1347.0)	(220, 1440.0)	(225, 960.0)	(230, 732.0)	(235, 446.0)	(240, 329.0)	(245, 217.0)	(250, 274.0)
SRR908450_2	(251, 206083.0)																																								
SRR908450_2_paired	(50, 1667.0)	(55, 2021.0)	(60, 2446.0)	(65, 2786.0)	(70, 2897.0)	(75, 2856.0)	(80, 3011.0)	(85, 3813.0)	(90, 3344.0)	(95, 3471.0)	(100, 3475.0)	(105, 3594.0)	(110, 3475.0)	(115, 3589.0)	(120, 3365.0)	(125, 3378.0)	(130, 3229.0)	(135, 3250.0)	(140, 3163.0)	(145, 3089.0)	(150, 2878.0)	(155, 2918.0)	(160, 3107.0)	(165, 2873.0)	(170, 3119.0)	(175, 3224.0)	(180, 3916.0)	(185, 4634.0)	(190, 3957.0)	(195, 2495.0)	(200, 1595.0)	(205, 1050.0)	(210, 742.0)	(215, 511.0)	(220, 312.0)	(225, 155.0)	(230, 64.0)	(235, 22.0)	(240, 11.0)	(245, 1.0)	(250, 1.0)
SRR908451_1	(251, 566278.0)																																								
SRR908451_1_paired	(50, 3342.0)	(55, 3890.0)	(60, 4247.0)	(65, 4140.0)	(70, 4596.0)	(75, 4345.0)	(80, 4478.0)	(85, 5095.0)	(90, 4646.0)	(95, 4749.0)	(100, 4918.0)	(105, 4459.0)	(110, 4494.0)	(115, 4798.0)	(120, 4626.0)	(125, 4928.0)	(130, 4570.0)	(135, 4334.0)	(140, 4086.0)	(145, 4304.0)	(150, 3753.0)	(155, 3764.0)	(160, 3502.0)	(165, 3419.0)	(170, 2960.0)	(175, 3034.0)	(180, 2315.0)	(185, 2568.0)	(190, 2502.0)	(195, 2030.0)	(200, 1803.0)	(205, 1835.0)	(210, 2150.0)	(215, 2104.0)	(220, 1911.0)	(225, 1485.0)	(230, 1235.0)	(235, 828.0)	(240, 488.0)	(245, 354.0)	(250, 520.0)
SRR908451_2	(251, 566278.0)																																								
SRR908451_2_paired	(50, 3705.0)	(55, 4230.0)	(60, 4659.0)	(65, 4554.0)	(70, 4564.0)	(75, 4598.0)	(80, 4805.0)	(85, 5483.0)	(90, 5027.0)	(95, 5120.0)	(100, 5239.0)	(105, 4692.0)	(110, 4714.0)	(115, 4931.0)	(120, 4775.0)	(125, 5001.0)	(130, 4635.0)	(135, 4401.0)	(140, 4177.0)	(145, 4271.0)	(150, 3882.0)	(155, 3815.0)	(160, 3492.0)	(165, 3467.0)	(170, 3044.0)	(175, 3152.0)	(180, 2912.0)	(185, 3340.0)	(190, 3594.0)	(195, 2930.0)	(200, 2252.0)	(205, 1473.0)	(210, 1082.0)	(215, 737.0)	(220, 471.0)	(225, 249.0)	(230, 86.0)	(235, 30.0)	(240, 11.0)	(245, 3.0)	(250, 2.0)
SRR908452_1	(251, 348692.0)																																								
SRR908452_1_paired	(50, 4879.0)	(55, 5448.0)	(60, 6083.0)	(65, 7091.0)	(70, 8355.0)	(75, 8101.0)	(80, 8781.0)	(85, 9039.0)	(90, 9158.0)	(95, 10235.0)	(100, 10118.0)	(105, 10472.0)	(110, 10424.0)	(115, 10807.0)	(120, 9756.0)	(125, 9897.0)	(130, 9439.0)	(135, 8421.0)	(140, 8273.0)	(145, 7748.0)	(150, 6971.0)	(155, 6636.0)	(160, 5774.0)	(165, 5252.0)	(170, 4874.0)	(175, 4357.0)	(180, 3975.0)	(185, 3947.0)	(190, 3655.0)	(195, 3047.0)	(200, 2707.0)	(205, 2357.0)	(210, 2548.0)	(215, 2388.0)	(220, 2278.0)	(225, 1859.0)	(230, 1393.0)	(235, 929.0)	(240, 604.0)	(245, 412.0)	(250, 515.0)
SRR908452_2	(251, 348692.0)																																								
SRR908452_2_paired	(50, 5310.0)	(55, 5773.0)	(60, 6760.0)	(65, 7536.0)	(70, 8019.0)	(75, 8256.0)	(80, 9166.0)	(85, 9446.0)	(90, 9554.0)	(95, 10519.0)	(100, 10442.0)	(105, 10686.0)	(110, 10603.0)	(115, 11025.0)	(120, 9856.0)	(125, 9975.0)	(130, 9498.0)	(135, 8550.0)	(140, 8245.0)	(145, 7811.0)	(150, 6881.0)	(155, 6638.0)	(160, 5813.0)	(165, 5346.0)	(170, 5089.0)	(175, 4628.0)	(180, 4465.0)	(185, 4943.0)	(190, 4897.0)	(195, 4298.0)	(200, 3279.0)	(205, 2095.0)	(210, 1489.0)	(215, 986.0)	(220, 632.0)	(225, 314.0)	(230, 124.0)	(235, 46.0)	(240, 8.0)	(245, 1.0)	(250, 1.0)
SRR908453_1	(251, 223746.0)																																								
SRR908453_1_paired	(50, 1148.0)	(55, 1423.0)	(60, 1568.0)	(65, 1960.0)	(70, 2569.0)	(75, 2694.0)	(80, 3091.0)	(85, 3339.0)	(90, 3829.0)	(95, 3909.0)	(100, 4440.0)	(105, 4653.0)	(110, 4807.0)	(115, 4903.0)	(120, 4730.0)	(125, 4572.0)	(130, 4440.0)	(135, 4405.0)	(140, 3983.0)	(145, 3630.0)	(150, 3152.0)	(155, 3039.0)	(160, 2885.0)	(165, 2591.0)	(170, 2398.0)	(175, 2232.0)	(180, 2113.0)	(185, 2143.0)	(190, 1990.0)	(195, 1608.0)	(200, 1373.0)	(205, 1241.0)	(210, 1301.0)	(215, 1348.0)	(220, 1227.0)	(225, 1006.0)	(230, 729.0)	(235, 462.0)	(240, 335.0)	(245, 205.0)	(250, 247.0)
SRR908453_2	(251, 223746.0)																																								
SRR908453_2_paired	(50, 1376.0)	(55, 1624.0)	(60, 1834.0)	(65, 2223.0)	(70, 2398.0)	(75, 2751.0)	(80, 3264.0)	(85, 3517.0)	(90, 3989.0)	(95, 4094.0)	(100, 4582.0)	(105, 4773.0)	(110, 4884.0)	(115, 5002.0)	(120, 4774.0)	(125, 4570.0)	(130, 4564.0)	(135, 4423.0)	(140, 4042.0)	(145, 3693.0)	(150, 3220.0)	(155, 3062.0)	(160, 2921.0)	(165, 2721.0)	(170, 2430.0)	(175, 2394.0)	(180, 2433.0)	(185, 2559.0)	(190, 2615.0)	(195, 2156.0)	(200, 1737.0)	(205, 1168.0)	(210, 835.0)	(215, 517.0)	(220, 314.0)	(225, 174.0)	(230, 59.0)	(235, 22.0)	(240, 1.0)	(245, 3.0)	
