Sample	0	1	2	3	4	5	6	7	8	9	10	11	12	13	14	15	16	17	18	19	20	21	22	23	24	25	26	27
SRR908430_1	(14.0, 1.0)	(15.0, 0.0)	(16.0, 7.0)	(17.0, 28.0)	(18.0, 277.0)	(19.0, 1491.0)	(20.0, 6336.0)	(21.0, 31076.0)	(22.0, 175762.0)	(23.0, 125768.0)	(24.0, 33573.0)	(25.0, 20315.0)	(26.0, 18454.0)	(27.0, 19884.0)	(28.0, 22545.0)	(29.0, 25721.0)	(30.0, 27561.0)	(31.0, 29132.0)	(32.0, 31273.0)	(33.0, 38178.0)	(34.0, 51002.0)	(35.0, 45024.0)	(36.0, 15297.0)	(37.0, 655.0)	(38.0, 1.0)			
SRR908430_1_paired	(25.0, 1.0)	(26.0, 1.0)	(27.0, 9.0)	(28.0, 41.0)	(29.0, 193.0)	(30.0, 612.0)	(31.0, 1330.0)	(32.0, 3150.0)	(33.0, 4896.0)	(34.0, 7586.0)	(35.0, 15517.0)	(36.0, 49104.0)	(37.0, 108398.0)	(38.0, 104492.0)														
SRR908430_2	(12.0, 2.0)	(13.0, 1.0)	(14.0, 100.0)	(15.0, 824.0)	(16.0, 1666.0)	(17.0, 3147.0)	(18.0, 5225.0)	(19.0, 8806.0)	(20.0, 21556.0)	(21.0, 131651.0)	(22.0, 192618.0)	(23.0, 44212.0)	(24.0, 17073.0)	(25.0, 18443.0)	(26.0, 22218.0)	(27.0, 26052.0)	(28.0, 29923.0)	(29.0, 34065.0)	(30.0, 37491.0)	(31.0, 41097.0)	(32.0, 38818.0)	(33.0, 29587.0)	(34.0, 13129.0)	(35.0, 1624.0)	(36.0, 33.0)			
SRR908430_2_paired	(25.0, 3.0)	(26.0, 27.0)	(27.0, 76.0)	(28.0, 259.0)	(29.0, 683.0)	(30.0, 1681.0)	(31.0, 3450.0)	(32.0, 6194.0)	(33.0, 10851.0)	(34.0, 20657.0)	(35.0, 42423.0)	(36.0, 62338.0)	(37.0, 107708.0)	(38.0, 38980.0)														
SRR908431_1	(13.0, 1.0)	(14.0, 2.0)	(15.0, 2.0)	(16.0, 6.0)	(17.0, 36.0)	(18.0, 331.0)	(19.0, 1545.0)	(20.0, 4504.0)	(21.0, 20575.0)	(22.0, 122127.0)	(23.0, 86094.0)	(24.0, 23491.0)	(25.0, 14529.0)	(26.0, 13551.0)	(27.0, 14302.0)	(28.0, 15166.0)	(29.0, 16936.0)	(30.0, 18760.0)	(31.0, 19125.0)	(32.0, 22308.0)	(33.0, 30861.0)	(34.0, 40948.0)	(35.0, 33582.0)	(36.0, 9405.0)	(37.0, 311.0)			
SRR908431_1_paired	(26.0, 1.0)	(27.0, 4.0)	(28.0, 17.0)	(29.0, 92.0)	(30.0, 256.0)	(31.0, 827.0)	(32.0, 2599.0)	(33.0, 3635.0)	(34.0, 5316.0)	(35.0, 15066.0)	(36.0, 68083.0)	(37.0, 87005.0)	(38.0, 39522.0)															
SRR908431_2	(13.0, 3.0)	(14.0, 106.0)	(15.0, 691.0)	(16.0, 1484.0)	(17.0, 3029.0)	(18.0, 4613.0)	(19.0, 7324.0)	(20.0, 17552.0)	(21.0, 94327.0)	(22.0, 122889.0)	(23.0, 26629.0)	(24.0, 11249.0)	(25.0, 13267.0)	(26.0, 15902.0)	(27.0, 19407.0)	(28.0, 24635.0)	(29.0, 30226.0)	(30.0, 35516.0)	(31.0, 33061.0)	(32.0, 23470.0)	(33.0, 15071.0)	(34.0, 6924.0)	(35.0, 1078.0)	(36.0, 45.0)				
SRR908431_2_paired	(25.0, 1.0)	(26.0, 5.0)	(27.0, 31.0)	(28.0, 152.0)	(29.0, 428.0)	(30.0, 912.0)	(31.0, 1950.0)	(32.0, 3524.0)	(33.0, 7425.0)	(34.0, 20802.0)	(35.0, 55728.0)	(36.0, 62615.0)	(37.0, 51748.0)	(38.0, 17102.0)														
SRR908432_1	(15.0, 2.0)	(16.0, 1.0)	(17.0, 21.0)	(18.0, 198.0)	(19.0, 1218.0)	(20.0, 5391.0)	(21.0, 25730.0)	(22.0, 143751.0)	(23.0, 104817.0)	(24.0, 24608.0)	(25.0, 12480.0)	(26.0, 9106.0)	(27.0, 7343.0)	(28.0, 6929.0)	(29.0, 7454.0)	(30.0, 7957.0)	(31.0, 7959.0)	(32.0, 8128.0)	(33.0, 9982.0)	(34.0, 12273.0)	(35.0, 10497.0)	(36.0, 3760.0)	(37.0, 149.0)					
SRR908432_1_paired	(27.0, 2.0)	(28.0, 12.0)	(29.0, 43.0)	(30.0, 143.0)	(31.0, 325.0)	(32.0, 1164.0)	(33.0, 1576.0)	(34.0, 2037.0)	(35.0, 4845.0)	(36.0, 17212.0)	(37.0, 28093.0)	(38.0, 22090.0)																
SRR908432_2	(12.0, 1.0)	(13.0, 5.0)	(14.0, 106.0)	(15.0, 890.0)	(16.0, 1687.0)	(17.0, 2983.0)	(18.0, 4413.0)	(19.0, 8157.0)	(20.0, 21692.0)	(21.0, 110168.0)	(22.0, 147242.0)	(23.0, 29052.0)	(24.0, 6283.0)	(25.0, 5702.0)	(26.0, 6221.0)	(27.0, 7116.0)	(28.0, 8371.0)	(29.0, 10236.0)	(30.0, 10530.0)	(31.0, 10243.0)	(32.0, 8622.0)	(33.0, 6637.0)	(34.0, 3006.0)	(35.0, 377.0)	(36.0, 13.0)	(37.0, 1.0)		
SRR908432_2_paired	(26.0, 5.0)	(27.0, 17.0)	(28.0, 55.0)	(29.0, 206.0)	(30.0, 509.0)	(31.0, 944.0)	(32.0, 1519.0)	(33.0, 2774.0)	(34.0, 6127.0)	(35.0, 13756.0)	(36.0, 18600.0)	(37.0, 25267.0)	(38.0, 7763.0)															
SRR908433_1	(15.0, 2.0)	(16.0, 3.0)	(17.0, 14.0)	(18.0, 137.0)	(19.0, 996.0)	(20.0, 4288.0)	(21.0, 17974.0)	(22.0, 91474.0)	(23.0, 76500.0)	(24.0, 16990.0)	(25.0, 7411.0)	(26.0, 4728.0)	(27.0, 3237.0)	(28.0, 2749.0)	(29.0, 2897.0)	(30.0, 2980.0)	(31.0, 3065.0)	(32.0, 3481.0)	(33.0, 4494.0)	(34.0, 5880.0)	(35.0, 5003.0)	(36.0, 1923.0)	(37.0, 84.0)					
SRR908433_1_paired	(28.0, 5.0)	(29.0, 17.0)	(30.0, 51.0)	(31.0, 159.0)	(32.0, 826.0)	(33.0, 727.0)	(34.0, 939.0)	(35.0, 1916.0)	(36.0, 7684.0)	(37.0, 11865.0)	(38.0, 8261.0)																	
SRR908433_2	(13.0, 1.0)	(14.0, 51.0)	(15.0, 461.0)	(16.0, 851.0)	(17.0, 1584.0)	(18.0, 2653.0)	(19.0, 5588.0)	(20.0, 15611.0)	(21.0, 74520.0)	(22.0, 100268.0)	(23.0, 18856.0)	(24.0, 3058.0)	(25.0, 2087.0)	(26.0, 2244.0)	(27.0, 2627.0)	(28.0, 3452.0)	(29.0, 4031.0)	(30.0, 4718.0)	(31.0, 4712.0)	(32.0, 3878.0)	(33.0, 3174.0)	(34.0, 1655.0)	(35.0, 225.0)	(36.0, 5.0)				
SRR908433_2_paired	(26.0, 4.0)	(27.0, 5.0)	(28.0, 30.0)	(29.0, 113.0)	(30.0, 218.0)	(31.0, 412.0)	(32.0, 670.0)	(33.0, 1241.0)	(34.0, 2973.0)	(35.0, 6233.0)	(36.0, 7823.0)	(37.0, 9805.0)	(38.0, 2923.0)															
SRR908434_1	(15.0, 2.0)	(16.0, 1.0)	(17.0, 11.0)	(18.0, 78.0)	(19.0, 471.0)	(20.0, 2049.0)	(21.0, 9079.0)	(22.0, 55489.0)	(23.0, 63022.0)	(24.0, 14245.0)	(25.0, 5764.0)	(26.0, 3485.0)	(27.0, 2432.0)	(28.0, 1968.0)	(29.0, 2102.0)	(30.0, 2156.0)	(31.0, 2211.0)	(32.0, 2248.0)	(33.0, 2732.0)	(34.0, 3660.0)	(35.0, 3436.0)	(36.0, 1087.0)	(37.0, 32.0)					
SRR908434_1_paired	(28.0, 4.0)	(29.0, 13.0)	(30.0, 39.0)	(31.0, 134.0)	(32.0, 944.0)	(33.0, 766.0)	(34.0, 679.0)	(35.0, 1253.0)	(36.0, 5603.0)	(37.0, 7581.0)	(38.0, 4904.0)																	
SRR908434_2	(13.0, 3.0)	(14.0, 42.0)	(15.0, 407.0)	(16.0, 595.0)	(17.0, 984.0)	(18.0, 1463.0)	(19.0, 2086.0)	(20.0, 5650.0)	(21.0, 38781.0)	(22.0, 82506.0)	(23.0, 20548.0)	(24.0, 2812.0)	(25.0, 1577.0)	(26.0, 1594.0)	(27.0, 1828.0)	(28.0, 2237.0)	(29.0, 2734.0)	(30.0, 3169.0)	(31.0, 3357.0)	(32.0, 2608.0)	(33.0, 1753.0)	(34.0, 867.0)	(35.0, 155.0)	(36.0, 4.0)				
SRR908434_2_paired	(27.0, 3.0)	(28.0, 18.0)	(29.0, 49.0)	(30.0, 116.0)	(31.0, 253.0)	(32.0, 464.0)	(33.0, 887.0)	(34.0, 2040.0)	(35.0, 4817.0)	(36.0, 5302.0)	(37.0, 5854.0)	(38.0, 2117.0)																
SRR908435_1	(15.0, 2.0)	(16.0, 4.0)	(17.0, 14.0)	(18.0, 120.0)	(19.0, 517.0)	(20.0, 1732.0)	(21.0, 7497.0)	(22.0, 41402.0)	(23.0, 37532.0)	(24.0, 10135.0)	(25.0, 6011.0)	(26.0, 5796.0)	(27.0, 6204.0)	(28.0, 7258.0)	(29.0, 8349.0)	(30.0, 9561.0)	(31.0, 10445.0)	(32.0, 12022.0)	(33.0, 15704.0)	(34.0, 23827.0)	(35.0, 25746.0)	(36.0, 11317.0)	(37.0, 622.0)	(38.0, 1.0)				
SRR908435_1_paired	(26.0, 1.0)	(27.0, 4.0)	(28.0, 18.0)	(29.0, 71.0)	(30.0, 188.0)	(31.0, 489.0)	(32.0, 1839.0)	(33.0, 2198.0)	(34.0, 3115.0)	(35.0, 7342.0)	(36.0, 28905.0)	(37.0, 47653.0)	(38.0, 35662.0)															
SRR908435_2	(14.0, 157.0)	(15.0, 1079.0)	(16.0, 1826.0)	(17.0, 2824.0)	(18.0, 3180.0)	(19.0, 3176.0)	(20.0, 5682.0)	(21.0, 31186.0)	(22.0, 48021.0)	(23.0, 11990.0)	(24.0, 5329.0)	(25.0, 6041.0)	(26.0, 7574.0)	(27.0, 9296.0)	(28.0, 11701.0)	(29.0, 14143.0)	(30.0, 16906.0)	(31.0, 18311.0)	(32.0, 17419.0)	(33.0, 15736.0)	(34.0, 8817.0)	(35.0, 1387.0)	(36.0, 37.0)					
SRR908435_2_paired	(26.0, 7.0)	(27.0, 29.0)	(28.0, 83.0)	(29.0, 250.0)	(30.0, 628.0)	(31.0, 1211.0)	(32.0, 2451.0)	(33.0, 4644.0)	(34.0, 10603.0)	(35.0, 23537.0)	(36.0, 30920.0)	(37.0, 38840.0)	(38.0, 14282.0)															
SRR908436_1	(16.0, 2.0)	(17.0, 19.0)	(18.0, 108.0)	(19.0, 645.0)	(20.0, 3021.0)	(21.0, 13037.0)	(22.0, 76589.0)	(23.0, 72952.0)	(24.0, 16371.0)	(25.0, 6964.0)	(26.0, 4513.0)	(27.0, 3409.0)	(28.0, 3179.0)	(29.0, 3282.0)	(30.0, 3774.0)	(31.0, 3974.0)	(32.0, 4434.0)	(33.0, 6032.0)	(34.0, 9465.0)	(35.0, 9310.0)	(36.0, 3192.0)	(37.0, 96.0)						
SRR908436_1_paired	(26.0, 1.0)	(27.0, 2.0)	(28.0, 2.0)	(29.0, 19.0)	(30.0, 58.0)	(31.0, 256.0)	(32.0, 1706.0)	(33.0, 1446.0)	(34.0, 1152.0)	(35.0, 2392.0)	(36.0, 13361.0)	(37.0, 17732.0)	(38.0, 8896.0)															
SRR908436_2	(13.0, 2.0)	(14.0, 81.0)	(15.0, 492.0)	(16.0, 968.0)	(17.0, 1584.0)	(18.0, 2241.0)	(19.0, 3081.0)	(20.0, 8230.0)	(21.0, 50506.0)	(22.0, 102205.0)	(23.0, 24300.0)	(24.0, 3596.0)	(25.0, 2421.0)	(26.0, 2857.0)	(27.0, 3510.0)	(28.0, 4866.0)	(29.0, 6298.0)	(30.0, 7361.0)	(31.0, 7216.0)	(32.0, 5837.0)	(33.0, 4201.0)	(34.0, 2200.0)	(35.0, 303.0)	(36.0, 12.0)				
SRR908436_2_paired	(26.0, 4.0)	(27.0, 4.0)	(28.0, 35.0)	(29.0, 96.0)	(30.0, 231.0)	(31.0, 497.0)	(32.0, 886.0)	(33.0, 1964.0)	(34.0, 5447.0)	(35.0, 11812.0)	(36.0, 10939.0)	(37.0, 11281.0)	(38.0, 3827.0)															
SRR908437_1	(14.0, 1.0)	(15.0, 0.0)	(16.0, 1.0)	(17.0, 4.0)	(18.0, 32.0)	(19.0, 157.0)	(20.0, 934.0)	(21.0, 4077.0)	(22.0, 23432.0)	(23.0, 20136.0)	(24.0, 4286.0)	(25.0, 1780.0)	(26.0, 1102.0)	(27.0, 702.0)	(28.0, 619.0)	(29.0, 593.0)	(30.0, 776.0)	(31.0, 798.0)	(32.0, 806.0)	(33.0, 1109.0)	(34.0, 1709.0)	(35.0, 1951.0)	(36.0, 835.0)	(37.0, 33.0)				
SRR908437_1_paired	(29.0, 2.0)	(30.0, 15.0)	(31.0, 47.0)	(32.0, 491.0)	(33.0, 407.0)	(34.0, 209.0)	(35.0, 433.0)	(36.0, 2395.0)	(37.0, 2794.0)	(38.0, 2129.0)																		
SRR908437_2	(13.0, 1.0)	(14.0, 28.0)	(15.0, 201.0)	(16.0, 331.0)	(17.0, 454.0)	(18.0, 543.0)	(19.0, 806.0)	(20.0, 2238.0)	(21.0, 14301.0)	(22.0, 29779.0)	(23.0, 7239.0)	(24.0, 904.0)	(25.0, 402.0)	(26.0, 424.0)	(27.0, 497.0)	(28.0, 680.0)	(29.0, 948.0)	(30.0, 1328.0)	(31.0, 1410.0)	(32.0, 1329.0)	(33.0, 1196.0)	(34.0, 708.0)	(35.0, 118.0)	(36.0, 8.0)				
SRR908437_2_paired	(25.0, 1.0)	(26.0, 0.0)	(27.0, 1.0)	(28.0, 9.0)	(29.0, 29.0)	(30.0, 48.0)	(31.0, 120.0)	(32.0, 146.0)	(33.0, 335.0)	(34.0, 851.0)	(35.0, 2170.0)	(36.0, 2228.0)	(37.0, 2154.0)	(38.0, 830.0)														
SRR908438_1	(15.0, 1.0)	(16.0, 2.0)	(17.0, 35.0)	(18.0, 266.0)	(19.0, 1442.0)	(20.0, 6618.0)	(21.0, 31649.0)	(22.0, 180556.0)	(23.0, 159409.0)	(24.0, 40029.0)	(25.0, 17270.0)	(26.0, 11329.0)	(27.0, 8689.0)	(28.0, 8069.0)	(29.0, 8566.0)	(30.0, 8996.0)	(31.0, 8982.0)	(32.0, 9886.0)	(33.0, 12270.0)	(34.0, 17145.0)	(35.0, 14580.0)	(36.0, 5054.0)	(37.0, 197.0)					
SRR908438_1_paired	(27.0, 5.0)	(28.0, 22.0)	(29.0, 69.0)	(30.0, 165.0)	(31.0, 411.0)	(32.0, 1345.0)	(33.0, 1758.0)	(34.0, 2348.0)	(35.0, 4879.0)	(36.0, 15611.0)	(37.0, 37644.0)	(38.0, 29900.0)																
SRR908438_2	(13.0, 2.0)	(14.0, 71.0)	(15.0, 628.0)	(16.0, 1198.0)	(17.0, 1999.0)	(18.0, 3481.0)	(19.0, 6697.0)	(20.0, 19329.0)	(21.0, 119543.0)	(22.0, 229877.0)	(23.0, 63273.0)	(24.0, 9522.0)	(25.0, 5837.0)	(26.0, 6671.0)	(27.0, 7997.0)	(28.0, 9720.0)	(29.0, 10852.0)	(30.0, 12196.0)	(31.0, 13461.0)	(32.0, 12727.0)	(33.0, 10291.0)	(34.0, 4976.0)	(35.0, 677.0)	(36.0, 15.0)				
SRR908438_2_paired	(25.0, 3.0)	(26.0, 6.0)	(27.0, 14.0)	(28.0, 66.0)	(29.0, 191.0)	(30.0, 440.0)	(31.0, 963.0)	(32.0, 1683.0)	(33.0, 3016.0)	(34.0, 6405.0)	(35.0, 12885.0)	(36.0, 19558.0)	(37.0, 36404.0)	(38.0, 12523.0)														
SRR908439_1	(15.0, 4.0)	(16.0, 4.0)	(17.0, 16.0)	(18.0, 142.0)	(19.0, 854.0)	(20.0, 4372.0)	(21.0, 19635.0)	(22.0, 114494.0)	(23.0, 116844.0)	(24.0, 25627.0)	(25.0, 10535.0)	(26.0, 5887.0)	(27.0, 3897.0)	(28.0, 3154.0)	(29.0, 3234.0)	(30.0, 3863.0)	(31.0, 4277.0)	(32.0, 4351.0)	(33.0, 5227.0)	(34.0, 8028.0)	(35.0, 8099.0)	(36.0, 3029.0)	(37.0, 142.0)					
SRR908439_1_paired	(27.0, 1.0)	(28.0, 5.0)	(29.0, 21.0)	(30.0, 85.0)	(31.0, 278.0)	(32.0, 2263.0)	(33.0, 1840.0)	(34.0, 1255.0)	(35.0, 2084.0)	(36.0, 9429.0)	(37.0, 12935.0)	(38.0, 12054.0)																
SRR908439_2	(11.0, 1.0)	(12.0, 0.0)	(13.0, 2.0)	(14.0, 51.0)	(15.0, 556.0)	(16.0, 931.0)	(17.0, 1477.0)	(18.0, 2169.0)	(19.0, 3787.0)	(20.0, 10758.0)	(21.0, 73831.0)	(22.0, 161681.0)	(23.0, 42366.0)	(24.0, 5360.0)	(25.0, 2456.0)	(26.0, 2361.0)	(27.0, 2823.0)	(28.0, 3638.0)	(29.0, 4661.0)	(30.0, 5866.0)	(31.0, 6521.0)	(32.0, 6388.0)	(33.0, 5039.0)	(34.0, 2587.0)	(35.0, 396.0)	(36.0, 9.0)		
SRR908439_2_paired	(26.0, 1.0)	(27.0, 7.0)	(28.0, 34.0)	(29.0, 103.0)	(30.0, 254.0)	(31.0, 483.0)	(32.0, 913.0)	(33.0, 1750.0)	(34.0, 3941.0)	(35.0, 8498.0)	(36.0, 9721.0)	(37.0, 11622.0)	(38.0, 4923.0)															
SRR908440_1	(12.0, 1.0)	(13.0, 0.0)	(14.0, 0.0)	(15.0, 0.0)	(16.0, 3.0)	(17.0, 12.0)	(18.0, 137.0)	(19.0, 569.0)	(20.0, 1971.0)	(21.0, 8886.0)	(22.0, 46228.0)	(23.0, 30622.0)	(24.0, 7968.0)	(25.0, 5061.0)	(26.0, 4731.0)	(27.0, 5041.0)	(28.0, 5799.0)	(29.0, 6531.0)	(30.0, 7286.0)	(31.0, 8339.0)	(32.0, 9612.0)	(33.0, 12606.0)	(34.0, 16205.0)	(35.0, 12707.0)	(36.0, 4081.0)	(37.0, 158.0)		
SRR908440_1_paired	(27.0, 6.0)	(28.0, 14.0)	(29.0, 33.0)	(30.0, 125.0)	(31.0, 306.0)	(32.0, 748.0)	(33.0, 1231.0)	(34.0, 2068.0)	(35.0, 5359.0)	(36.0, 20824.0)	(37.0, 32518.0)	(38.0, 23942.0)																
SRR908440_2	(13.0, 1.0)	(14.0, 36.0)	(15.0, 315.0)	(16.0, 740.0)	(17.0, 1356.0)	(18.0, 2121.0)	(19.0, 3590.0)	(20.0, 8402.0)	(21.0, 36690.0)	(22.0, 42495.0)	(23.0, 8977.0)	(24.0, 4113.0)	(25.0, 4940.0)	(26.0, 6365.0)	(27.0, 7963.0)	(28.0, 9846.0)	(29.0, 11885.0)	(30.0, 12628.0)	(31.0, 11784.0)	(32.0, 9628.0)	(33.0, 7014.0)	(34.0, 3270.0)	(35.0, 391.0)	(36.0, 4.0)				
SRR908440_2_paired	(25.0, 1.0)	(26.0, 5.0)	(27.0, 17.0)	(28.0, 65.0)	(29.0, 187.0)	(30.0, 454.0)	(31.0, 904.0)	(32.0, 1659.0)	(33.0, 3417.0)	(34.0, 8195.0)	(35.0, 18113.0)	(36.0, 20907.0)	(37.0, 24835.0)	(38.0, 8415.0)														
SRR908441_1	(15.0, 1.0)	(16.0, 4.0)	(17.0, 20.0)	(18.0, 114.0)	(19.0, 755.0)	(20.0, 3575.0)	(21.0, 15762.0)	(22.0, 94411.0)	(23.0, 105746.0)	(24.0, 23747.0)	(25.0, 10337.0)	(26.0, 6768.0)	(27.0, 5564.0)	(28.0, 5198.0)	(29.0, 5791.0)	(30.0, 6835.0)	(31.0, 7745.0)	(32.0, 8471.0)	(33.0, 11387.0)	(34.0, 20123.0)	(35.0, 28699.0)	(36.0, 15385.0)	(37.0, 793.0)	(38.0, 2.0)				
SRR908441_1_paired	(27.0, 7.0)	(28.0, 22.0)	(29.0, 73.0)	(30.0, 195.0)	(31.0, 452.0)	(32.0, 1837.0)	(33.0, 2019.0)	(34.0, 2647.0)	(35.0, 5072.0)	(36.0, 16400.0)	(37.0, 37244.0)	(38.0, 41267.0)																
SRR908441_2	(12.0, 1.0)	(13.0, 1.0)	(14.0, 63.0)	(15.0, 726.0)	(16.0, 1171.0)	(17.0, 1915.0)	(18.0, 2636.0)	(19.0, 3893.0)	(20.0, 10685.0)	(21.0, 67494.0)	(22.0, 138567.0)	(23.0, 34418.0)	(24.0, 5923.0)	(25.0, 4588.0)	(26.0, 5061.0)	(27.0, 6162.0)	(28.0, 7608.0)	(29.0, 9099.0)	(30.0, 11347.0)	(31.0, 14363.0)	(32.0, 18023.0)	(33.0, 20284.0)	(34.0, 11573.0)	(35.0, 1598.0)	(36.0, 34.0)			
SRR908441_2_paired	(25.0, 2.0)	(26.0, 6.0)	(27.0, 25.0)	(28.0, 82.0)	(29.0, 213.0)	(30.0, 532.0)	(31.0, 1166.0)	(32.0, 2252.0)	(33.0, 4110.0)	(34.0, 7691.0)	(35.0, 15258.0)	(36.0, 25758.0)	(37.0, 36721.0)	(38.0, 13419.0)														
SRR908442_1	(16.0, 1.0)	(17.0, 4.0)	(18.0, 47.0)	(19.0, 278.0)	(20.0, 852.0)	(21.0, 4390.0)	(22.0, 21363.0)	(23.0, 13555.0)	(24.0, 3811.0)	(25.0, 2070.0)	(26.0, 1694.0)	(27.0, 1617.0)	(28.0, 1711.0)	(29.0, 2015.0)	(30.0, 2328.0)	(31.0, 2657.0)	(32.0, 3023.0)	(33.0, 3768.0)	(34.0, 4752.0)	(35.0, 3558.0)	(36.0, 1127.0)	(37.0, 47.0)						
SRR908442_1_paired	(26.0, 1.0)	(27.0, 1.0)	(28.0, 3.0)	(29.0, 14.0)	(30.0, 42.0)	(31.0, 100.0)	(32.0, 183.0)	(33.0, 391.0)	(34.0, 576.0)	(35.0, 1388.0)	(36.0, 3832.0)	(37.0, 9824.0)	(38.0, 9495.0)															
SRR908442_2	(14.0, 25.0)	(15.0, 166.0)	(16.0, 262.0)	(17.0, 471.0)	(18.0, 635.0)	(19.0, 1005.0)	(20.0, 2689.0)	(21.0, 15230.0)	(22.0, 20571.0)	(23.0, 5940.0)	(24.0, 1600.0)	(25.0, 1441.0)	(26.0, 1716.0)	(27.0, 2010.0)	(28.0, 2500.0)	(29.0, 3016.0)	(30.0, 3403.0)	(31.0, 4015.0)	(32.0, 3651.0)	(33.0, 2861.0)	(34.0, 1289.0)	(35.0, 169.0)	(36.0, 3.0)					
SRR908442_2_paired	(26.0, 2.0)	(27.0, 4.0)	(28.0, 13.0)	(29.0, 29.0)	(30.0, 114.0)	(31.0, 184.0)	(32.0, 353.0)	(33.0, 676.0)	(34.0, 1385.0)	(35.0, 2971.0)	(36.0, 5422.0)	(37.0, 10626.0)	(38.0, 4071.0)															
SRR908443_1	(14.0, 1.0)	(15.0, 2.0)	(16.0, 2.0)	(17.0, 15.0)	(18.0, 150.0)	(19.0, 679.0)	(20.0, 1810.0)	(21.0, 7405.0)	(22.0, 37169.0)	(23.0, 29606.0)	(24.0, 10018.0)	(25.0, 8866.0)	(26.0, 11411.0)	(27.0, 15263.0)	(28.0, 19095.0)	(29.0, 22667.0)	(30.0, 25627.0)	(31.0, 27569.0)	(32.0, 28513.0)	(33.0, 31755.0)	(34.0, 39617.0)	(35.0, 32708.0)	(36.0, 13619.0)	(37.0, 922.0)	(38.0, 2.0)			
SRR908443_1_paired	(26.0, 2.0)	(27.0, 5.0)	(28.0, 31.0)	(29.0, 153.0)	(30.0, 444.0)	(31.0, 933.0)	(32.0, 2009.0)	(33.0, 3486.0)	(34.0, 6046.0)	(35.0, 12112.0)	(36.0, 33140.0)	(37.0, 85797.0)	(38.0, 110296.0)															
SRR908443_2	(12.0, 1.0)	(13.0, 2.0)	(14.0, 58.0)	(15.0, 335.0)	(16.0, 643.0)	(17.0, 1270.0)	(18.0, 1858.0)	(19.0, 2764.0)	(20.0, 5796.0)	(21.0, 29649.0)	(22.0, 42420.0)	(23.0, 14147.0)	(24.0, 10343.0)	(25.0, 14094.0)	(26.0, 18275.0)	(27.0, 22661.0)	(28.0, 26079.0)	(29.0, 29483.0)	(30.0, 32213.0)	(31.0, 36148.0)	(32.0, 34529.0)	(33.0, 26358.0)	(34.0, 13271.0)	(35.0, 2061.0)	(36.0, 33.0)			
SRR908443_2_paired	(25.0, 1.0)	(26.0, 11.0)	(27.0, 40.0)	(28.0, 165.0)	(29.0, 411.0)	(30.0, 947.0)	(31.0, 1984.0)	(32.0, 3572.0)	(33.0, 6333.0)	(34.0, 12138.0)	(35.0, 25759.0)	(36.0, 46764.0)	(37.0, 105232.0)	(38.0, 51097.0)														
SRR908444_1	(16.0, 1.0)	(17.0, 11.0)	(18.0, 65.0)	(19.0, 270.0)	(20.0, 781.0)	(21.0, 1982.0)	(22.0, 7454.0)	(23.0, 7827.0)	(24.0, 6220.0)	(25.0, 9436.0)	(26.0, 15606.0)	(27.0, 23425.0)	(28.0, 32035.0)	(29.0, 37800.0)	(30.0, 42152.0)	(31.0, 44588.0)	(32.0, 46491.0)	(33.0, 52728.0)	(34.0, 67877.0)	(35.0, 53383.0)	(36.0, 16426.0)	(37.0, 944.0)	(38.0, 1.0)					
SRR908444_1_paired	(26.0, 2.0)	(27.0, 14.0)	(28.0, 64.0)	(29.0, 271.0)	(30.0, 746.0)	(31.0, 1634.0)	(32.0, 3151.0)	(33.0, 5364.0)	(34.0, 9196.0)	(35.0, 17166.0)	(36.0, 40303.0)	(37.0, 137585.0)	(38.0, 193819.0)															
SRR908444_2	(13.0, 1.0)	(14.0, 19.0)	(15.0, 203.0)	(16.0, 500.0)	(17.0, 925.0)	(18.0, 1649.0)	(19.0, 2694.0)	(20.0, 3855.0)	(21.0, 8805.0)	(22.0, 12997.0)	(23.0, 10827.0)	(24.0, 14951.0)	(25.0, 21806.0)	(26.0, 29660.0)	(27.0, 37032.0)	(28.0, 41197.0)	(29.0, 45498.0)	(30.0, 50174.0)	(31.0, 60273.0)	(32.0, 61079.0)	(33.0, 42844.0)	(34.0, 18196.0)	(35.0, 2288.0)	(36.0, 30.0)				
SRR908444_2_paired	(25.0, 4.0)	(26.0, 23.0)	(27.0, 72.0)	(28.0, 262.0)	(29.0, 698.0)	(30.0, 1680.0)	(31.0, 3566.0)	(32.0, 6234.0)	(33.0, 10624.0)	(34.0, 16799.0)	(35.0, 30383.0)	(36.0, 63201.0)	(37.0, 177170.0)	(38.0, 98599.0)														
SRR908445_1	(15.0, 2.0)	(16.0, 1.0)	(17.0, 9.0)	(18.0, 102.0)	(19.0, 364.0)	(20.0, 1437.0)	(21.0, 6529.0)	(22.0, 30828.0)	(23.0, 24029.0)	(24.0, 6916.0)	(25.0, 5003.0)	(26.0, 4929.0)	(27.0, 5321.0)	(28.0, 5622.0)	(29.0, 6174.0)	(30.0, 6301.0)	(31.0, 6216.0)	(32.0, 5963.0)	(33.0, 6399.0)	(34.0, 7390.0)	(35.0, 5173.0)	(36.0, 1593.0)	(37.0, 64.0)					
SRR908445_1_paired	(26.0, 1.0)	(27.0, 3.0)	(28.0, 7.0)	(29.0, 31.0)	(30.0, 101.0)	(31.0, 219.0)	(32.0, 434.0)	(33.0, 756.0)	(34.0, 1305.0)	(35.0, 2835.0)	(36.0, 8001.0)	(37.0, 23627.0)	(38.0, 18530.0)															
SRR908445_2	(14.0, 18.0)	(15.0, 163.0)	(16.0, 281.0)	(17.0, 431.0)	(18.0, 716.0)	(19.0, 1531.0)	(20.0, 4019.0)	(21.0, 20606.0)	(22.0, 36767.0)	(23.0, 10567.0)	(24.0, 4445.0)	(25.0, 4903.0)	(26.0, 5789.0)	(27.0, 6235.0)	(28.0, 7047.0)	(29.0, 7195.0)	(30.0, 7018.0)	(31.0, 7069.0)	(32.0, 5819.0)	(33.0, 3891.0)	(34.0, 1650.0)	(35.0, 203.0)	(36.0, 2.0)					
SRR908445_2_paired	(27.0, 17.0)	(28.0, 28.0)	(29.0, 63.0)	(30.0, 190.0)	(31.0, 380.0)	(32.0, 782.0)	(33.0, 1501.0)	(34.0, 2848.0)	(35.0, 6135.0)	(36.0, 11084.0)	(37.0, 25697.0)	(38.0, 7125.0)																
SRR908446_1	(14.0, 4.0)	(15.0, 5.0)	(16.0, 14.0)	(17.0, 85.0)	(18.0, 833.0)	(19.0, 3377.0)	(20.0, 9083.0)	(21.0, 38000.0)	(22.0, 207670.0)	(23.0, 145350.0)	(24.0, 46192.0)	(25.0, 35053.0)	(26.0, 38057.0)	(27.0, 46697.0)	(28.0, 58259.0)	(29.0, 70190.0)	(30.0, 82235.0)	(31.0, 91143.0)	(32.0, 101666.0)	(33.0, 120877.0)	(34.0, 160061.0)	(35.0, 145095.0)	(36.0, 57084.0)	(37.0, 3030.0)	(38.0, 3.0)			
SRR908446_1_paired	(26.0, 5.0)	(27.0, 19.0)	(28.0, 144.0)	(29.0, 543.0)	(30.0, 1490.0)	(31.0, 3414.0)	(32.0, 7389.0)	(33.0, 12716.0)	(34.0, 22519.0)	(35.0, 49425.0)	(36.0, 138580.0)	(37.0, 308353.0)	(38.0, 377921.0)															
SRR908446_2	(10.0, 1.0)	(11.0, 0.0)	(12.0, 1.0)	(13.0, 12.0)	(14.0, 424.0)	(15.0, 2245.0)	(16.0, 4575.0)	(17.0, 8211.0)	(18.0, 11702.0)	(19.0, 15765.0)	(20.0, 32940.0)	(21.0, 158299.0)	(22.0, 215152.0)	(23.0, 59922.0)	(24.0, 38171.0)	(25.0, 47341.0)	(26.0, 59508.0)	(27.0, 72344.0)	(28.0, 87160.0)	(29.0, 102514.0)	(30.0, 116609.0)	(31.0, 133009.0)	(32.0, 129520.0)	(33.0, 102876.0)	(34.0, 53676.0)	(35.0, 7977.0)	(36.0, 108.0)	(37.0, 1.0)
SRR908446_2_paired	(24.0, 1.0)	(25.0, 11.0)	(26.0, 48.0)	(27.0, 200.0)	(28.0, 661.0)	(29.0, 1860.0)	(30.0, 4224.0)	(31.0, 8631.0)	(32.0, 15547.0)	(33.0, 27460.0)	(34.0, 52906.0)	(35.0, 112997.0)	(36.0, 189462.0)	(37.0, 343702.0)	(38.0, 164808.0)													
SRR908447_1	(15.0, 4.0)	(16.0, 1.0)	(17.0, 13.0)	(18.0, 115.0)	(19.0, 405.0)	(20.0, 1058.0)	(21.0, 2990.0)	(22.0, 11834.0)	(23.0, 12653.0)	(24.0, 7706.0)	(25.0, 10153.0)	(26.0, 15797.0)	(27.0, 23275.0)	(28.0, 31575.0)	(29.0, 39290.0)	(30.0, 45832.0)	(31.0, 51237.0)	(32.0, 54967.0)	(33.0, 63759.0)	(34.0, 86351.0)	(35.0, 80748.0)	(36.0, 30297.0)	(37.0, 1557.0)	(38.0, 4.0)				
SRR908447_1_paired	(26.0, 3.0)	(27.0, 18.0)	(28.0, 84.0)	(29.0, 294.0)	(30.0, 746.0)	(31.0, 1818.0)	(32.0, 3600.0)	(33.0, 6413.0)	(34.0, 11017.0)	(35.0, 22457.0)	(36.0, 59212.0)	(37.0, 165570.0)	(38.0, 226017.0)															
SRR908447_2	(11.0, 2.0)	(12.0, 1.0)	(13.0, 0.0)	(14.0, 39.0)	(15.0, 272.0)	(16.0, 725.0)	(17.0, 1320.0)	(18.0, 2187.0)	(19.0, 3128.0)	(20.0, 4753.0)	(21.0, 11390.0)	(22.0, 19592.0)	(23.0, 13112.0)	(24.0, 16104.0)	(25.0, 22969.0)	(26.0, 31275.0)	(27.0, 39408.0)	(28.0, 47695.0)	(29.0, 54405.0)	(30.0, 61752.0)	(31.0, 72148.0)	(32.0, 75039.0)	(33.0, 60264.0)	(34.0, 29885.0)	(35.0, 4108.0)	(36.0, 47.0)	(37.0, 1.0)	
SRR908447_2_paired	(23.0, 1.0)	(24.0, 0.0)	(25.0, 11.0)	(26.0, 22.0)	(27.0, 123.0)	(28.0, 362.0)	(29.0, 839.0)	(30.0, 2006.0)	(31.0, 4121.0)	(32.0, 7543.0)	(33.0, 13456.0)	(34.0, 24421.0)	(35.0, 47386.0)	(36.0, 86768.0)	(37.0, 201089.0)	(38.0, 109101.0)												
SRR908448_1	(14.0, 1.0)	(15.0, 1.0)	(16.0, 5.0)	(17.0, 24.0)	(18.0, 108.0)	(19.0, 496.0)	(20.0, 1711.0)	(21.0, 8170.0)	(22.0, 43959.0)	(23.0, 30004.0)	(24.0, 9489.0)	(25.0, 7419.0)	(26.0, 9401.0)	(27.0, 12109.0)	(28.0, 15562.0)	(29.0, 18377.0)	(30.0, 21033.0)	(31.0, 23571.0)	(32.0, 26191.0)	(33.0, 32144.0)	(34.0, 46373.0)	(35.0, 53685.0)	(36.0, 28385.0)	(37.0, 1892.0)	(38.0, 4.0)			
SRR908448_1_paired	(27.0, 9.0)	(28.0, 36.0)	(29.0, 162.0)	(30.0, 401.0)	(31.0, 1023.0)	(32.0, 1784.0)	(33.0, 3290.0)	(34.0, 5393.0)	(35.0, 11063.0)	(36.0, 32468.0)	(37.0, 90266.0)	(38.0, 124971.0)																
SRR908448_2	(11.0, 1.0)	(12.0, 0.0)	(13.0, 1.0)	(14.0, 25.0)	(15.0, 233.0)	(16.0, 588.0)	(17.0, 1032.0)	(18.0, 1666.0)	(19.0, 2658.0)	(20.0, 5592.0)	(21.0, 32115.0)	(22.0, 48996.0)	(23.0, 13964.0)	(24.0, 8448.0)	(25.0, 11448.0)	(26.0, 15290.0)	(27.0, 18759.0)	(28.0, 22004.0)	(29.0, 25899.0)	(30.0, 30009.0)	(31.0, 37655.0)	(32.0, 42968.0)	(33.0, 41296.0)	(34.0, 25445.0)	(35.0, 3970.0)	(36.0, 52.0)		
SRR908448_2_paired	(23.0, 1.0)	(24.0, 1.0)	(25.0, 4.0)	(26.0, 9.0)	(27.0, 45.0)	(28.0, 148.0)	(29.0, 422.0)	(30.0, 1038.0)	(31.0, 2091.0)	(32.0, 3893.0)	(33.0, 6950.0)	(34.0, 12909.0)	(35.0, 26393.0)	(36.0, 51058.0)	(37.0, 108561.0)	(38.0, 57343.0)												
SRR908449_1	(13.0, 3.0)	(14.0, 2.0)	(15.0, 3.0)	(16.0, 12.0)	(17.0, 108.0)	(18.0, 790.0)	(19.0, 3487.0)	(20.0, 9101.0)	(21.0, 36754.0)	(22.0, 198746.0)	(23.0, 149154.0)	(24.0, 42674.0)	(25.0, 28042.0)	(26.0, 26771.0)	(27.0, 28151.0)	(28.0, 30186.0)	(29.0, 34544.0)	(30.0, 38090.0)	(31.0, 40069.0)	(32.0, 45965.0)	(33.0, 54520.0)	(34.0, 64273.0)	(35.0, 51938.0)	(36.0, 16768.0)	(37.0, 688.0)			
SRR908449_1_paired	(27.0, 11.0)	(28.0, 37.0)	(29.0, 201.0)	(30.0, 619.0)	(31.0, 1618.0)	(32.0, 3872.0)	(33.0, 6427.0)	(34.0, 11345.0)	(35.0, 33130.0)	(36.0, 99774.0)	(37.0, 137209.0)	(38.0, 119025.0)																
SRR908449_2	(12.0, 3.0)	(13.0, 8.0)	(14.0, 163.0)	(15.0, 1105.0)	(16.0, 2146.0)	(17.0, 3807.0)	(18.0, 6425.0)	(19.0, 11060.0)	(20.0, 24022.0)	(21.0, 137504.0)	(22.0, 230385.0)	(23.0, 61344.0)	(24.0, 26307.0)	(25.0, 28725.0)	(26.0, 33562.0)	(27.0, 39661.0)	(28.0, 47201.0)	(29.0, 51996.0)	(30.0, 53804.0)	(31.0, 51742.0)	(32.0, 43193.0)	(33.0, 30747.0)	(34.0, 14039.0)	(35.0, 1853.0)	(36.0, 37.0)			
SRR908449_2_paired	(25.0, 1.0)	(26.0, 28.0)	(27.0, 86.0)	(28.0, 295.0)	(29.0, 826.0)	(30.0, 2070.0)	(31.0, 4109.0)	(32.0, 7158.0)	(33.0, 13999.0)	(34.0, 32685.0)	(35.0, 78147.0)	(36.0, 102084.0)	(37.0, 123345.0)	(38.0, 48435.0)														
SRR908450_1	(15.0, 1.0)	(16.0, 1.0)	(17.0, 11.0)	(18.0, 86.0)	(19.0, 397.0)	(20.0, 1469.0)	(21.0, 6946.0)	(22.0, 42414.0)	(23.0, 33771.0)	(24.0, 8794.0)	(25.0, 5426.0)	(26.0, 5160.0)	(27.0, 6007.0)	(28.0, 7249.0)	(29.0, 8312.0)	(30.0, 9295.0)	(31.0, 9582.0)	(32.0, 10586.0)	(33.0, 12994.0)	(34.0, 17142.0)	(35.0, 15053.0)	(36.0, 5209.0)	(37.0, 178.0)					
SRR908450_1_paired	(26.0, 1.0)	(27.0, 1.0)	(28.0, 20.0)	(29.0, 50.0)	(30.0, 157.0)	(31.0, 360.0)	(32.0, 927.0)	(33.0, 1360.0)	(34.0, 2087.0)	(35.0, 5254.0)	(36.0, 19535.0)	(37.0, 39155.0)	(38.0, 30597.0)															
SRR908450_2	(14.0, 25.0)	(15.0, 235.0)	(16.0, 479.0)	(17.0, 981.0)	(18.0, 1447.0)	(19.0, 1973.0)	(20.0, 4359.0)	(21.0, 29312.0)	(22.0, 50575.0)	(23.0, 12610.0)	(24.0, 4536.0)	(25.0, 5439.0)	(26.0, 7314.0)	(27.0, 8920.0)	(28.0, 10981.0)	(29.0, 12726.0)	(30.0, 13734.0)	(31.0, 13617.0)	(32.0, 11879.0)	(33.0, 9357.0)	(34.0, 4851.0)	(35.0, 716.0)	(36.0, 17.0)					
SRR908450_2_paired	(25.0, 2.0)	(26.0, 4.0)	(27.0, 18.0)	(28.0, 52.0)	(29.0, 188.0)	(30.0, 422.0)	(31.0, 823.0)	(32.0, 1476.0)	(33.0, 3130.0)	(34.0, 7178.0)	(35.0, 16091.0)	(36.0, 21160.0)	(37.0, 36189.0)	(38.0, 12771.0)														
SRR908451_1	(16.0, 8.0)	(17.0, 80.0)	(18.0, 767.0)	(19.0, 3248.0)	(20.0, 10713.0)	(21.0, 39505.0)	(22.0, 172900.0)	(23.0, 129670.0)	(24.0, 34996.0)	(25.0, 19199.0)	(26.0, 14838.0)	(27.0, 12504.0)	(28.0, 11793.0)	(29.0, 12047.0)	(30.0, 12263.0)	(31.0, 12683.0)	(32.0, 13524.0)	(33.0, 16657.0)	(34.0, 22341.0)	(35.0, 18550.0)	(36.0, 7583.0)	(37.0, 409.0)						
SRR908451_1_paired	(27.0, 4.0)	(28.0, 19.0)	(29.0, 69.0)	(30.0, 201.0)	(31.0, 437.0)	(32.0, 1000.0)	(33.0, 1764.0)	(34.0, 3223.0)	(35.0, 6708.0)	(36.0, 17736.0)	(37.0, 53907.0)	(38.0, 48537.0)																
SRR908451_2	(12.0, 1.0)	(13.0, 3.0)	(14.0, 96.0)	(15.0, 579.0)	(16.0, 1085.0)	(17.0, 2061.0)	(18.0, 4024.0)	(19.0, 8315.0)	(20.0, 21038.0)	(21.0, 111679.0)	(22.0, 199163.0)	(23.0, 65012.0)	(24.0, 15431.0)	(25.0, 11636.0)	(26.0, 12228.0)	(27.0, 12780.0)	(28.0, 14029.0)	(29.0, 14576.0)	(30.0, 15790.0)	(31.0, 17977.0)	(32.0, 17608.0)	(33.0, 13852.0)	(34.0, 6454.0)	(35.0, 848.0)	(36.0, 13.0)			
SRR908451_2_paired	(25.0, 1.0)	(26.0, 10.0)	(27.0, 29.0)	(28.0, 97.0)	(29.0, 247.0)	(30.0, 534.0)	(31.0, 1068.0)	(32.0, 2182.0)	(33.0, 4053.0)	(34.0, 7666.0)	(35.0, 15515.0)	(36.0, 29391.0)	(37.0, 57571.0)	(38.0, 15241.0)														
SRR908452_1	(15.0, 2.0)	(16.0, 4.0)	(17.0, 35.0)	(18.0, 379.0)	(19.0, 1165.0)	(20.0, 1883.0)	(21.0, 5989.0)	(22.0, 31270.0)	(23.0, 33397.0)	(24.0, 9990.0)	(25.0, 8471.0)	(26.0, 11506.0)	(27.0, 14515.0)	(28.0, 17759.0)	(29.0, 20774.0)	(30.0, 23126.0)	(31.0, 25490.0)	(32.0, 27338.0)	(33.0, 30624.0)	(34.0, 39742.0)	(35.0, 32750.0)	(36.0, 11918.0)	(37.0, 564.0)	(38.0, 1.0)				
SRR908452_1_paired	(26.0, 1.0)	(27.0, 7.0)	(28.0, 27.0)	(29.0, 125.0)	(30.0, 316.0)	(31.0, 723.0)	(32.0, 1719.0)	(33.0, 2725.0)	(34.0, 4794.0)	(35.0, 9184.0)	(36.0, 24739.0)	(37.0, 93292.0)	(38.0, 101351.0)															
SRR908452_2	(14.0, 39.0)	(15.0, 361.0)	(16.0, 536.0)	(17.0, 967.0)	(18.0, 1684.0)	(19.0, 2943.0)	(20.0, 5505.0)	(21.0, 23971.0)	(22.0, 43881.0)	(23.0, 14571.0)	(24.0, 9946.0)	(25.0, 13379.0)	(26.0, 17389.0)	(27.0, 21047.0)	(28.0, 24256.0)	(29.0, 27220.0)	(30.0, 30782.0)	(31.0, 36302.0)	(32.0, 33916.0)	(33.0, 26033.0)	(34.0, 12332.0)	(35.0, 1612.0)	(36.0, 20.0)					
SRR908452_2_paired	(25.0, 1.0)	(26.0, 9.0)	(27.0, 34.0)	(28.0, 107.0)	(29.0, 299.0)	(30.0, 625.0)	(31.0, 1344.0)	(32.0, 2598.0)	(33.0, 4816.0)	(34.0, 9499.0)	(35.0, 19806.0)	(36.0, 43356.0)	(37.0, 115043.0)	(38.0, 41466.0)														
SRR908453_1	(17.0, 3.0)	(18.0, 91.0)	(19.0, 526.0)	(20.0, 1916.0)	(21.0, 8086.0)	(22.0, 43945.0)	(23.0, 41285.0)	(24.0, 10121.0)	(25.0, 5319.0)	(26.0, 4570.0)	(27.0, 4850.0)	(28.0, 5781.0)	(29.0, 7479.0)	(30.0, 9524.0)	(31.0, 11015.0)	(32.0, 12856.0)	(33.0, 14870.0)	(34.0, 19675.0)	(35.0, 16039.0)	(36.0, 5595.0)	(37.0, 199.0)	(38.0, 1.0)						
SRR908453_1_paired	(27.0, 4.0)	(28.0, 12.0)	(29.0, 45.0)	(30.0, 141.0)	(31.0, 371.0)	(32.0, 788.0)	(33.0, 1191.0)	(34.0, 1945.0)	(35.0, 3937.0)	(36.0, 11227.0)	(37.0, 38413.0)	(38.0, 45644.0)																
SRR908453_2	(14.0, 37.0)	(15.0, 340.0)	(16.0, 567.0)	(17.0, 946.0)	(18.0, 1300.0)	(19.0, 1985.0)	(20.0, 5085.0)	(21.0, 27339.0)	(22.0, 59471.0)	(23.0, 16865.0)	(24.0, 4095.0)	(25.0, 4026.0)	(26.0, 5520.0)	(27.0, 7213.0)	(28.0, 9388.0)	(29.0, 11824.0)	(30.0, 13997.0)	(31.0, 16807.0)	(32.0, 16606.0)	(33.0, 13013.0)	(34.0, 6475.0)	(35.0, 842.0)	(36.0, 5.0)					
SRR908453_2_paired	(25.0, 2.0)	(26.0, 4.0)	(27.0, 11.0)	(28.0, 62.0)	(29.0, 156.0)	(30.0, 341.0)	(31.0, 672.0)	(32.0, 1231.0)	(33.0, 2355.0)	(34.0, 4530.0)	(35.0, 9357.0)	(36.0, 18727.0)	(37.0, 47142.0)	(38.0, 19128.0)														
