Sample	0	1	2	3	4	5	6	7	8	9	10	11	12	13	14	15
SRR908430_1	(1.0, 13.778469899466481)	(2.0, 9.001919038452897)	(3.0, 6.630169102014667)	(4.0, 4.623815003255514)	(5.0, 2.987706586587235)	(6.0, 2.230365613115397)	(7.0, 1.5463357471425963)	(8.0, 1.2037168239718072)	(9.0, 0.8314346120137598)	('>10', 6.430666161065059)	('>50', 2.1940492553104844)	('>100', 6.91913587787234)	('>500', 2.454461840158843)	('>1k', 6.8651564079546565)	('>5k', 2.2635112088479685)	('>10k+', 30.03908682277029)
SRR908430_1_paired	(1.0, 23.791386217119502)	(2.0, 18.278667304030307)	(3.0, 13.24542952145592)	(4.0, 9.183420026423942)	(5.0, 5.7299481682683115)	(6.0, 4.0044249164023915)	(7.0, 2.719420596512987)	(8.0, 1.9748167632047082)	(9.0, 1.325583384335447)	('>10', 5.3976155077073065)	('>50', 0.6477003177922518)	('>100', 1.0262308746619526)	('>500', 0.45674214777927213)	('>1k', 1.8466061334233879)	('>5k', 0.0)	('>10k+', 10.3720081208823)
SRR908430_2	(1.0, 17.11627245189549)	(2.0, 8.781061233266875)	(3.0, 6.182879106770887)	(4.0, 4.187422612131017)	(5.0, 2.6546780630759104)	(6.0, 1.8959366795336596)	(7.0, 1.259881367115936)	(8.0, 0.9654733472413043)	(9.0, 0.6672726819056596)	('>10', 5.415353659763711)	('>50', 1.962256572632128)	('>100', 6.021471372529822)	('>500', 2.7205821739761826)	('>1k', 6.351238908769359)	('>5k', 1.2911237435819172)	('>10k+', 32.52709602581015)
SRR908430_2_paired	(1.0, 28.79636605947932)	(2.0, 18.10656206417174)	(3.0, 12.683365173759286)	(4.0, 8.510766092431597)	(5.0, 5.275656166323944)	(6.0, 3.5445586915662846)	(7.0, 2.425840442607992)	(8.0, 1.657097957117603)	(9.0, 1.147996869703085)	('>10', 4.424275936518763)	('>50', 0.3413115550380974)	('>100', 0.5080772603243036)	('>500', 0.7502765402125867)	('>1k', 0.5026649859133923)	('>5k', 0.0)	('>10k+', 11.325184204832011)
SRR908431_1	(1.0, 11.520792608820488)	(2.0, 6.803173267151494)	(3.0, 4.458424615239391)	(4.0, 2.5943071555836994)	(5.0, 1.5840770268516295)	(6.0, 0.987614503891854)	(7.0, 0.6786654028137771)	(8.0, 0.46253869238423756)	(9.0, 0.4123910025211505)	('>10', 4.660588635550189)	('>50', 2.6422916117664177)	('>100', 7.175052802567563)	('>500', 2.059595121318078)	('>1k', 5.959315474200489)	('>5k', 1.4985309676734224)	('>10k+', 46.50264111166612)
SRR908431_1_paired	(1.0, 17.276540645526765)	(2.0, 12.01404531006236)	(3.0, 7.7163782522490925)	(4.0, 4.233375145555991)	(5.0, 2.3671113149269636)	(6.0, 1.4512887606047937)	(7.0, 0.7679061967512353)	(8.0, 0.5503028014189181)	(9.0, 0.48151495124155325)	('>10', 2.583815522675263)	('>50', 0.9936022803397131)	('>100', 1.1559056392549332)	('>500', 1.0480031291727925)	('>1k', 2.7861327290792772)	('>5k', 3.310808684353687)	('>10k+', 41.26326863678666)
SRR908431_2	(1.0, 13.58153729042028)	(2.0, 6.692430753959118)	(3.0, 4.154194537227706)	(4.0, 2.50857909488706)	(5.0, 1.4344179415937046)	(6.0, 0.9237413466196803)	(7.0, 0.5819014969148458)	(8.0, 0.39044737331347307)	(9.0, 0.3928281499800187)	('>10', 4.382811445054845)	('>50', 2.1091697285038276)	('>100', 6.3880205924528495)	('>500', 1.6699164335261703)	('>1k', 6.623915880496406)	('>5k', 0.0)	('>10k+', 48.166087935050015)
SRR908431_2_paired	(1.0, 19.598692581252838)	(2.0, 11.949303804013073)	(3.0, 7.203841329358925)	(4.0, 4.19201251669117)	(5.0, 2.1917697360434847)	(6.0, 1.2894349954815825)	(7.0, 0.7679061967512353)	(8.0, 0.39564253696784957)	(9.0, 0.3682173156553054)	('>10', 1.9957468427275957)	('>50', 0.5224279863143649)	('>100', 1.0345153154125248)	('>500', 0.0)	('>1k', 5.840672951987879)	('>5k', 0.0)	('>10k+', 42.64981589134217)
SRR908432_1	(1.0, 12.297622475924578)	(2.0, 5.521849695182963)	(3.0, 3.0076582534886787)	(4.0, 1.6800324096897161)	(5.0, 1.0445291565183012)	(6.0, 0.7877897470189431)	(7.0, 0.5176276497605881)	(8.0, 0.4510023087022945)	(9.0, 0.4524666019123669)	('>10', 7.325126783387105)	('>50', 3.903073551447942)	('>100', 12.718850822688735)	('>500', 4.8595010664935545)	('>1k', 10.589036348638452)	('>5k', 3.410094837390239)	('>10k+', 31.433738291755542)
SRR908432_1_paired	(1.0, 33.464445074927134)	(2.0, 19.109643805937427)	(3.0, 9.737948466637434)	(4.0, 4.41051301230301)	(5.0, 2.276185808980939)	(6.0, 1.2148255139150397)	(7.0, 0.6048335095819041)	(8.0, 0.46426452761084314)	(9.0, 0.31337855613731913)	('>10', 2.825565499987104)	('>50', 0.6577080807820278)	('>100', 2.458022748961853)	('>500', 0.0)	('>1k', 4.8825152820407)	('>5k', 0.0)	('>10k+', 17.58015011219726)
SRR908432_2	(1.0, 14.687348994762711)	(2.0, 5.147478731141124)	(3.0, 2.678192281222392)	(4.0, 1.5062696154277933)	(5.0, 0.9151832562952406)	(6.0, 0.680896342683659)	(7.0, 0.49883588689799246)	(8.0, 0.41585927166055736)	(9.0, 0.3602161296778067)	('>10', 6.748927405223622)	('>50', 3.69636415995939)	('>100', 11.71751831586757)	('>500', 6.203478184471659)	('>1k', 8.168803721257145)	('>5k', 3.433523528751397)	('>10k+', 33.14110417469994)
SRR908432_2_paired	(1.0, 37.92009491630342)	(2.0, 18.506099920043333)	(3.0, 8.898403445874493)	(4.0, 4.178380748497588)	(5.0, 1.7990250444920173)	(6.0, 1.1064971241391763)	(7.0, 0.5687240463232829)	(8.0, 0.4848985066157695)	(9.0, 0.38301823527894563)	('>10', 1.6481390730184933)	('>50', 0.264372856000619)	('>100', 1.6636145572721879)	('>500', 1.0059064764901602)	('>1k', 0.0)	('>5k', 0.0)	('>10k+', 21.57282504965051)
SRR908433_1	(1.0, 11.197378174866373)	(2.0, 4.546837813585112)	(3.0, 2.2098240412001093)	(4.0, 1.356170262572666)	(5.0, 0.8914985759431938)	(6.0, 0.7490928953220709)	(7.0, 0.5789863836760173)	(8.0, 0.5118801451367484)	(9.0, 0.43541024540595374)	('>10', 9.34571417424213)	('>50', 4.6908041044048225)	('>100', 14.772345987281026)	('>500', 5.420779524794195)	('>1k', 12.630018337169831)	('>5k', 5.429753033436073)	('>10k+', 25.233506300963676)
SRR908433_1_paired	(1.0, 38.26502311248074)	(2.0, 19.50693374422188)	(3.0, 8.265023112480739)	(4.0, 3.500770416024653)	(5.0, 1.5716486902927582)	(6.0, 0.9429892141756548)	(7.0, 0.4530046224961479)	(8.0, 0.3697996918335901)	(9.0, 0.2773497688751926)	('>10', 3.3805855161787366)	('>50', 0.4252696456086286)	('>100', 3.214175654853621)	('>500', 2.144838212634823)	('>1k', 0.0)	('>5k', 17.682588597842834)	('>10k+', 0.0)
SRR908433_2	(1.0, 13.030705005657211)	(2.0, 4.0412001092427134)	(3.0, 1.9769029690609028)	(4.0, 1.1626545979477976)	(5.0, 0.7881081502867621)	(6.0, 0.6273652998322344)	(7.0, 0.6226834692364714)	(8.0, 0.4400920760017166)	(9.0, 0.3792282782567984)	('>10', 8.32468495181616)	('>50', 4.413795794155514)	('>100', 14.798096055557721)	('>500', 5.417658304397019)	('>1k', 11.652686200304318)	('>5k', 6.28925910030822)	('>10k+', 26.034879637938435)
SRR908433_2_paired	(1.0, 41.08782742681048)	(2.0, 17.436055469953775)	(3.0, 7.359013867488444)	(4.0, 2.909090909090909)	(5.0, 1.2326656394453006)	(6.0, 0.4992295839753467)	(7.0, 0.3020030816640986)	(8.0, 0.17257318952234207)	(9.0, 0.05546995377503852)	('>10', 0.74884437596302)	('>50', 0.5331278890600925)	('>100', 2.8412942989214174)	('>500', 0.0)	('>1k', 0.0)	('>5k', 24.822804314329737)	('>10k+', 0.0)
SRR908434_1	(1.0, 15.694194419441946)	(2.0, 3.185193519351935)	(3.0, 1.6606660666066606)	(4.0, 1.221872187218722)	(5.0, 1.0238523852385237)	(6.0, 0.7695769576957696)	(7.0, 0.7718271827182719)	(8.0, 0.6300630063006301)	(9.0, 0.5822457245724573)	('>10', 13.143564356435643)	('>50', 6.156053105310531)	('>100', 21.512151215121513)	('>500', 7.296354635463547)	('>1k', 12.54556705670567)	('>5k', 0.0)	('>10k+', 13.806818181818182)
SRR908434_1_paired	(1.0, 54.56204379562044)	(2.0, 6.751824817518248)	(3.0, 1.35492700729927)	(4.0, 0.6204379562043796)	(5.0, 0.45620437956204374)	(6.0, 0.5474452554744526)	(7.0, 0.4470802919708029)	(8.0, 0.5109489051094891)	(9.0, 0.4516423357664234)	('>10', 6.072080291970803)	('>50', 1.6058394160583942)	('>100', 4.826642335766423)	('>500', 2.6322992700729926)	('>1k', 19.16058394160584)	('>5k', 0.0)	('>10k+', 0.0)
SRR908434_2	(1.0, 14.861611161116112)	(2.0, 2.581008100810081)	(3.0, 1.4412691269126914)	(4.0, 0.891089108910891)	(5.0, 0.8550855085508551)	(6.0, 0.7088208820882088)	(7.0, 0.6615661566156615)	(8.0, 0.5445544554455445)	(9.0, 0.5214896489648965)	('>10', 11.486836183618362)	('>50', 6.368699369936993)	('>100', 20.878712871287128)	('>500', 8.533978397839784)	('>1k', 10.61487398739874)	('>5k', 4.2427992799279926)	('>10k+', 14.807605760576056)
SRR908434_2_paired	(1.0, 54.95894160583942)	(2.0, 5.583941605839416)	(3.0, 0.7527372262773723)	(4.0, 0.145985401459854)	(5.0, 0.11405109489051093)	(6.0, 0.05474452554744526)	(7.0, 0.12773722627737227)	(8.0, 0.072992700729927)	(9.0, 0.04105839416058394)	('>10', 0.6158759124087592)	('>50', 0.7664233576642335)	('>100', 3.54014598540146)	('>500', 0.0)	('>1k', 0.0)	('>5k', 33.22536496350365)	('>10k+', 0.0)
SRR908435_1	(1.0, 26.270583662092978)	(2.0, 11.938730781000586)	(3.0, 5.1174850507406395)	(4.0, 2.5424079266225013)	(5.0, 1.4080837654765155)	(6.0, 0.8957149591841799)	(7.0, 0.5789478037201532)	(8.0, 0.5227071599301955)	(9.0, 0.4838349502518423)	('>10', 6.159177563291401)	('>50', 3.066769223134754)	('>100', 7.252975378176976)	('>500', 2.3368814563018465)	('>1k', 6.730681752392295)	('>5k', 0.0)	('>10k+', 24.69501856768313)
SRR908435_1_paired	(1.0, 38.15978350394164)	(2.0, 18.4680550653018)	(3.0, 7.37263207436169)	(4.0, 3.423147821312311)	(5.0, 1.5099815664587992)	(6.0, 0.861277797387928)	(7.0, 0.4777032592069655)	(8.0, 0.43926736478801426)	(9.0, 0.3247440875397105)	('>10', 2.648154684864886)	('>50', 0.9812919166960818)	('>100', 2.1351531552731693)	('>500', 0.9671726085421815)	('>1k', 2.9964309526610977)	('>5k', 0.0)	('>10k+', 19.235204141663726)
SRR908435_2	(1.0, 31.398820600616993)	(2.0, 11.009106021884227)	(3.0, 4.771356970945091)	(4.0, 2.042858678841112)	(5.0, 1.178572314716026)	(6.0, 0.7468426667989976)	(7.0, 0.5586846305899478)	(8.0, 0.37383486754501316)	(9.0, 0.4317296479170285)	('>10', 5.645154620417007)	('>50', 2.3104152709889254)	('>100', 7.233125739192285)	('>500', 2.4642499731202805)	('>1k', 2.9356788990066907)	('>5k', 0.0)	('>10k+', 26.899569097420372)
SRR908435_2_paired	(1.0, 41.897478134682515)	(2.0, 17.51107973487077)	(3.0, 7.207906812566184)	(4.0, 2.8834764874298937)	(5.0, 1.2707377338510413)	(6.0, 0.7342040240028239)	(7.0, 0.4227948386084638)	(8.0, 0.28866141114640936)	(9.0, 0.2188492763854571)	('>10', 1.9578773973408636)	('>50', 0.22747774247950742)	('>100', 1.2762285759108916)	('>500', 1.2126916892183395)	('>1k', 1.1915127269874888)	('>5k', 0.0)	('>10k+', 21.699023414519356)
SRR908436_1	(1.0, 14.66435867216657)	(2.0, 4.247692005499902)	(3.0, 1.7997446474170102)	(4.0, 1.21292476920055)	(5.0, 0.8920971649315786)	(6.0, 0.7685130622667452)	(7.0, 0.6301970798140509)	(8.0, 0.6383814574739737)	(9.0, 0.43459045374189753)	('>10', 11.043589995416749)	('>50', 4.973646303935049)	('>100', 17.818208603417794)	('>500', 4.119197276239115)	('>1k', 11.760132259542983)	('>5k', 2.605087409153408)	('>10k+', 22.391638839782622)
SRR908436_1_paired	(1.0, 37.747485273164195)	(2.0, 11.15624268974757)	(3.0, 3.285626182931757)	(4.0, 1.429087893158667)	(5.0, 0.7124173276907045)	(6.0, 0.4593496799438572)	(7.0, 0.35727197328966676)	(8.0, 0.18714246219934924)	(9.0, 0.1913956999766072)	('>10', 5.0103141016098505)	('>50', 1.5439253131446313)	('>100', 4.5041788061161565)	('>500', 2.0840865108563893)	('>1k', 3.2409671862705483)	('>5k', 0.0)	('>10k+', 28.090508899900048)
SRR908436_2	(1.0, 15.026926602501145)	(2.0, 3.6346821187716887)	(3.0, 1.5247495580436063)	(4.0, 1.006678452170497)	(5.0, 0.7509166502979113)	(6.0, 0.6531133372618346)	(7.0, 0.5385320500229163)	(8.0, 0.42231388725201335)	(9.0, 0.3867118444313494)	('>10', 9.45336541609376)	('>50', 4.584069927322727)	('>100', 16.38348719963334)	('>500', 7.071302298173247)	('>1k', 9.929286977018267)	('>5k', 2.748314018202056)	('>10k+', 25.88554966280364)
SRR908436_2_paired	(1.0, 39.53809837738979)	(2.0, 10.216277140973567)	(3.0, 2.6986793696701614)	(4.0, 0.9612317376602939)	(5.0, 0.4146906832826489)	(6.0, 0.16587627331305957)	(7.0, 0.08931799332241669)	(8.0, 0.11909065776322225)	(9.0, 0.03827913999532144)	('>10', 1.0590562065372264)	('>50', 0.4040575888395041)	('>100', 3.5110477851264275)	('>500', 1.3206303298385897)	('>1k', 0.0)	('>5k', 0.0)	('>10k+', 39.463666716287776)
SRR908437_1	(1.0, 18.21990800479711)	(2.0, 3.986458791917781)	(3.0, 2.2998800722602586)	(4.0, 1.8581209296676937)	(5.0, 1.4042172058354712)	(6.0, 1.247855722374873)	(7.0, 1.1901689614864968)	(8.0, 1.3723376800813687)	(9.0, 0.9563857726230777)	('>10', 16.11434123237138)	('>50', 8.93537564707847)	('>100', 20.354318157667027)	('>500', 2.5503620603282076)	('>1k', 6.8723149089915445)	('>5k', 12.637954852519243)	('>10k+', 0.0)
SRR908437_1_paired	(1.0, 53.328850033624754)	(2.0, 6.747366061421206)	(3.0, 1.7821116341627437)	(4.0, 1.165657924232235)	(5.0, 0.7845774490024657)	(6.0, 0.605245460659045)	(7.0, 0.5492042143017261)	(8.0, 0.9863259358888142)	(9.0, 1.0087424344317417)	('>10', 7.565568258238063)	('>50', 2.779645819323022)	('>100', 5.054920421430173)	('>500', 0.0)	('>1k', 17.641784353284017)	('>5k', 0.0)	('>10k+', 0.0)
SRR908437_2	(1.0, 17.594462070954716)	(2.0, 3.3610128580753873)	(3.0, 1.8171329679838477)	(4.0, 1.6030847236348733)	(5.0, 1.2296388505153857)	(6.0, 1.2023135427261549)	(7.0, 0.86074719536077)	(8.0, 0.8622652680157272)	(9.0, 0.9290604648338469)	('>10', 14.395882986959757)	('>50', 9.692893901902146)	('>100', 20.50157120519788)	('>500', 2.6854705266194037)	('>1k', 9.585110743400179)	('>5k', 13.679352693819927)	('>10k+', 0.0)
SRR908437_2_paired	(1.0, 53.138309796009864)	(2.0, 5.514458641560188)	(3.0, 0.6388702084734365)	(4.0, 0.4034969737726967)	(5.0, 0.05604124635731898)	(6.0, 0.0)	(7.0, 0.15691548980049316)	(8.0, 0.0)	(9.0, 0.0)	('>10', 1.7260703878054249)	('>50', 1.7372786370768885)	('>100', 2.0847343644922667)	('>500', 0.0)	('>1k', 34.543824254651426)	('>5k', 0.0)	('>10k+', 0.0)
SRR908438_1	(1.0, 11.21914924506388)	(2.0, 5.647502903600465)	(3.0, 3.667247386759582)	(4.0, 2.217624854819977)	(5.0, 1.479021486643438)	(6.0, 1.0376742160278747)	(7.0, 0.8066565040650406)	(8.0, 0.6141114982578397)	(9.0, 0.5406141114982579)	('>10', 8.379972415795587)	('>50', 4.463741289198606)	('>100', 13.686846689895471)	('>500', 8.228259291521486)	('>1k', 11.614583333333334)	('>5k', 7.666412601626016)	('>10k+', 18.730582171893147)
SRR908438_1_paired	(1.0, 31.127797189800017)	(2.0, 22.03553639134637)	(3.0, 14.31545185169451)	(4.0, 8.007901696103318)	(5.0, 4.545599371262891)	(6.0, 2.7592213005936896)	(7.0, 1.6801724778826854)	(8.0, 1.0535594804422401)	(9.0, 0.8220312881676348)	('>10', 2.8728612848752615)	('>50', 0.49385600645730005)	('>100', 1.2064955340548233)	('>500', 1.368990091018193)	('>1k', 0.0)	('>5k', 7.710526036301071)	('>10k+', 0.0)
SRR908438_2	(1.0, 12.139590592334496)	(2.0, 5.090737514518002)	(3.0, 3.0825348432055746)	(4.0, 1.80821718931475)	(5.0, 1.1532738095238095)	(6.0, 0.7719947735191638)	(7.0, 0.588160569105691)	(8.0, 0.5342624854819977)	(9.0, 0.39198606271777003)	('>10', 6.838160569105691)	('>50', 4.159770615563298)	('>100', 13.19359756097561)	('>500', 7.317799070847851)	('>1k', 14.852097851335655)	('>5k', 7.249745934959349)	('>10k+', 20.82807055749129)
SRR908438_2_paired	(1.0, 37.83999065390783)	(2.0, 21.542742440816934)	(3.0, 12.58854891298576)	(4.0, 6.686704121839056)	(5.0, 3.504784561955033)	(6.0, 1.8989559990229086)	(7.0, 1.1002899412683071)	(8.0, 0.849644742292129)	(9.0, 0.5257176842932549)	('>10', 1.5792771647354948)	('>50', 0.06797157938337033)	('>100', 1.0609938719372962)	('>500', 0.5830687043979735)	('>1k', 0.0)	('>5k', 10.171309621164651)	('>10k+', 0.0)
SRR908439_1	(1.0, 13.556542238549094)	(2.0, 3.8320581982268633)	(3.0, 1.7121039006117758)	(4.0, 1.0656176330214195)	(5.0, 0.8229321840244133)	(6.0, 0.7063621769376509)	(7.0, 0.6398333887739902)	(8.0, 0.5970235598686779)	(9.0, 0.4790072747783579)	('>10', 11.37439798678102)	('>50', 6.557424468131264)	('>100', 19.831942495986578)	('>500', 9.04589040105289)	('>1k', 15.078315953892657)	('>5k', 2.0777229799111985)	('>10k+', 12.62282515945215)
SRR908439_1_paired	(1.0, 51.039053254437874)	(2.0, 13.879289940828402)	(3.0, 3.8485207100591716)	(4.0, 1.2402366863905325)	(5.0, 0.6035502958579883)	(6.0, 0.4118343195266272)	(7.0, 0.31479289940828403)	(8.0, 0.32189349112426036)	(9.0, 0.21301775147928992)	('>10', 5.976331360946745)	('>50', 1.9005917159763315)	('>100', 5.6923076923076925)	('>500', 3.427218934911243)	('>1k', 11.131360946745563)	('>5k', 0.0)	('>10k+', 0.0)
SRR908439_2	(1.0, 13.02084086603127)	(2.0, 3.0591672331255513)	(3.0, 1.293840301982847)	(4.0, 0.8353701748550107)	(5.0, 0.7188001677682484)	(6.0, 0.5675194885960979)	(7.0, 0.5082220904502264)	(8.0, 0.4651230059442026)	(9.0, 0.43214786746308376)	('>10', 9.452873031254068)	('>50', 5.728128660891196)	('>100', 19.062522598093807)	('>500', 10.154896374181046)	('>1k', 13.814847489984524)	('>5k', 3.7802814456994924)	('>10k+', 17.105419203679332)
SRR908439_2_paired	(1.0, 53.320710059171596)	(2.0, 11.777514792899408)	(3.0, 2.868639053254438)	(4.0, 0.7005917159763313)	(5.0, 0.2366863905325444)	(6.0, 0.14201183431952663)	(7.0, 0.06627218934911243)	(8.0, 0.0)	(9.0, 0.08520710059171598)	('>10', 0.5396449704142011)	('>50', 0.2674556213017752)	('>100', 2.6272189349112423)	('>500', 1.7420118343195266)	('>1k', 0.0)	('>5k', 0.0)	('>10k+', 25.626035502958576)
SRR908440_1	(1.0, 25.96245772381961)	(2.0, 9.514068073645362)	(3.0, 3.4432599689546346)	(4.0, 1.3857335238545596)	(5.0, 0.7298744821489149)	(6.0, 0.5181080831028918)	(7.0, 0.38498308952784316)	(8.0, 0.28783782394605095)	(9.0, 0.3053136918284898)	('>10', 5.660639205567606)	('>50', 3.1292083431849256)	('>100', 6.465043124273981)	('>500', 3.0079052602362326)	('>1k', 2.334570350648149)	('>5k', 0.0)	('>10k+', 36.870997255260754)
SRR908440_1_paired	(1.0, 43.706839195172876)	(2.0, 16.280083511138642)	(3.0, 5.131117076192443)	(4.0, 1.537155573909652)	(5.0, 0.5850368229059123)	(6.0, 0.19960079840319359)	(7.0, 0.1766581778970794)	(8.0, 0.09177048202445683)	(9.0, 0.05162089613875697)	('>10', 0.5448872370202125)	('>50', 0.30284259068070757)	('>100', 0.16174547456810517)	('>500', 1.747080551540597)	('>1k', 2.0579530593984443)	('>5k', 0.0)	('>10k+', 27.425608553008924)
SRR908440_2	(1.0, 29.43090350236952)	(2.0, 8.603266959301788)	(3.0, 2.983747442869332)	(4.0, 1.2459265807950493)	(5.0, 0.6476351038786147)	(6.0, 0.37624515558662375)	(7.0, 0.41016889912312265)	(8.0, 0.33306948199471614)	(9.0, 0.22204632132981073)	('>10', 5.037161919055892)	('>50', 2.940057773163235)	('>100', 6.823812411978166)	('>500', 2.8583323910071243)	('>1k', 1.2628884525632986)	('>5k', 0.0)	('>10k+', 36.8247376049837)
SRR908440_2_paired	(1.0, 45.97930575630348)	(2.0, 15.137541009934155)	(3.0, 4.4531626402367674)	(4.0, 1.4132654231766353)	(5.0, 0.4531167549957556)	(6.0, 0.0894762199738454)	(7.0, 0.10438892330281964)	(8.0, 0.06423933741711978)	(9.0, 0.0)	('>10', 0.6607474705760892)	('>50', 0.06194507536650836)	('>100', 1.1218941427489848)	('>500', 2.2541124647257207)	('>1k', 1.5073301672517034)	('>5k', 0.0)	('>10k+', 26.69947461399041)
SRR908441_1	(1.0, 22.164805723943033)	(2.0, 5.180413057078481)	(3.0, 2.1274112369123284)	(4.0, 1.230400847596839)	(5.0, 0.879416834024061)	(6.0, 0.7288520529461283)	(7.0, 0.5901385247616286)	(8.0, 0.5171455808043482)	(9.0, 0.5308822602944637)	('>10', 10.28123123170978)	('>50', 5.739507906958258)	('>100', 17.316296557245597)	('>500', 8.132114258148377)	('>1k', 11.007928511402556)	('>5k', 3.166708642456626)	('>10k+', 10.4067467737175)
SRR908441_1_paired	(1.0, 57.19960833683032)	(2.0, 11.169860586562223)	(3.0, 3.5137781507903205)	(4.0, 1.592763556674593)	(5.0, 0.8812421317666806)	(6.0, 0.6546370121695342)	(7.0, 0.47652352310346435)	(8.0, 0.4625355527579615)	(9.0, 0.5035669324381032)	('>10', 6.417680794516715)	('>50', 3.337529724436984)	('>100', 6.454982048771391)	('>500', 3.358977945633422)	('>1k', 3.9763137035482816)	('>5k', 0.0)	('>10k+', 0.0)
SRR908441_2	(1.0, 22.7494750260745)	(2.0, 4.8616434211797)	(3.0, 1.9842160526924866)	(4.0, 1.1555927097991419)	(5.0, 0.8338730933589034)	(6.0, 0.7455806481797252)	(7.0, 0.6199546690821912)	(8.0, 0.6060567841928761)	(9.0, 0.5346598069183557)	('>10', 9.683010662196704)	('>50', 5.717480840445474)	('>100', 16.915905970671215)	('>500', 7.9416874378295805)	('>1k', 9.779205826234511)	('>5k', 4.754984184973694)	('>10k+', 11.116672866170948)
SRR908441_2_paired	(1.0, 61.54706952021262)	(2.0, 11.371287359537465)	(3.0, 3.631277101692544)	(4.0, 1.712127570289551)	(5.0, 1.030447148785378)	(6.0, 0.7945167156245628)	(7.0, 0.6331887909730964)	(8.0, 0.5669790646710496)	(9.0, 0.5203524968527067)	('>10', 6.413018137734881)	('>50', 2.4236489951974636)	('>100', 4.7969412971511165)	('>500', 0.0)	('>1k', 4.559145801277568)	('>5k', 0.0)	('>10k+', 0.0)
SRR908442_1	(1.0, 25.342851020517493)	(2.0, 11.541758182889591)	(3.0, 5.14678309315905)	(4.0, 2.3035302941018907)	(5.0, 1.3258691809074838)	(6.0, 0.803557079337869)	(7.0, 0.5531151229442332)	(8.0, 0.5892751915144373)	(9.0, 0.48213424760272133)	('>10', 7.138265388118069)	('>50', 4.17046124176354)	('>100', 6.432474420099641)	('>500', 3.1338726094176894)	('>1k', 3.1392296566132747)	('>5k', 0.0)	('>10k+', 27.896823271013016)
SRR908442_1_paired	(1.0, 48.437137330754354)	(2.0, 25.35396518375242)	(3.0, 10.108317214700193)	(4.0, 3.4352030947775627)	(5.0, 1.7988394584139267)	(6.0, 0.4874274661508704)	(7.0, 0.2978723404255319)	(8.0, 0.12379110251450676)	(9.0, 0.13926499032882012)	('>10', 0.3404255319148936)	('>50', 0.33268858800773693)	('>100', 0.5067698259187621)	('>500', 0.0)	('>1k', 8.638297872340425)	('>5k', 0.0)	('>10k+', 0.0)
SRR908442_2	(1.0, 29.50259816788986)	(2.0, 9.851609792682273)	(3.0, 3.700380350350887)	(4.0, 1.8321101408903413)	(5.0, 0.9843574221888896)	(6.0, 0.6187389510901591)	(7.0, 0.5062409599828575)	(8.0, 0.492848341993893)	(9.0, 0.34954732951197304)	('>10', 6.871752290137676)	('>50', 3.6816306851663363)	('>100', 6.8235388653774045)	('>500', 2.172282637810039)	('>1k', 2.674505812396207)	('>5k', 0.0)	('>10k+', 29.937858252531203)
SRR908442_2_paired	(1.0, 57.50483558994197)	(2.0, 21.92649903288201)	(3.0, 6.765957446808511)	(4.0, 2.599613152804642)	(5.0, 0.8897485493230174)	(6.0, 0.2553191489361702)	(7.0, 0.16247582205029013)	(8.0, 0.09284332688588008)	(9.0, 0.06963249516441006)	('>10', 0.5725338491295938)	('>50', 0.22823984526112187)	('>100', 1.516441005802708)	('>500', 0.0)	('>1k', 7.415860735009671)	('>5k', 0.0)	('>10k+', 0.0)
SRR908443_1	(1.0, 36.00530357940758)	(2.0, 20.534920842303958)	(3.0, 10.467593698794007)	(4.0, 4.715530252802882)	(5.0, 2.041200538122635)	(6.0, 0.8709570483260577)	(7.0, 0.4958564746022411)	(8.0, 0.3266138020524589)	(9.0, 0.2463402375017761)	('>10', 3.7383966894479355)	('>50', 1.5323618365078617)	('>100', 3.5223707506454254)	('>500', 0.529386349258142)	('>1k', 1.0535502994322214)	('>5k', 0.0)	('>10k+', 13.919617600794822)
SRR908443_1_paired	(1.0, 43.82798571985283)	(2.0, 25.899098556745976)	(3.0, 12.766063019942516)	(4.0, 5.394389414911337)	(5.0, 2.0964794418804247)	(6.0, 0.7595327740085004)	(7.0, 0.33258206673630936)	(8.0, 0.18009356282819822)	(9.0, 0.08520864996113606)	('>10', 0.6463478328460034)	('>50', 0.10325126002632096)	('>100', 0.36098532131339695)	('>500', 0.28216756556811373)	('>1k', 0.5292612298295765)	('>5k', 0.0)	('>10k+', 6.736553583549353)
SRR908443_2	(1.0, 39.923939870006315)	(2.0, 19.31174559607856)	(3.0, 9.227847588813283)	(4.0, 4.016298812947312)	(5.0, 1.6466874416737272)	(6.0, 0.7487616905533762)	(7.0, 0.4623049258357896)	(8.0, 0.24061418281523977)	(9.0, 0.2717771700451321)	('>10', 3.369895656770494)	('>50', 1.4574533769429043)	('>100', 3.8249210556840585)	('>500', 0.8841553706105124)	('>1k', 0.0)	('>5k', 0.0)	('>10k+', 14.613597261223285)
SRR908443_2_paired	(1.0, 47.475513735037225)	(2.0, 24.74221637274164)	(3.0, 11.583763488684776)	(4.0, 4.830276093554628)	(5.0, 1.7463875224948862)	(6.0, 0.638994846048996)	(7.0, 0.3578989143129814)	(8.0, 0.10747915003561999)	(9.0, 0.08522741141291465)	('>10', 0.656137031158172)	('>50', 0.05871286661311454)	('>100', 0.5634859010520389)	('>500', 0.340455817139134)	('>1k', 0.0)	('>5k', 0.0)	('>10k+', 6.813450849713849)
SRR908444_1	(1.0, 78.57841647595774)	(2.0, 13.81124489606318)	(3.0, 2.1191535948742484)	(4.0, 0.6099903617222432)	(5.0, 0.33132209700703347)	(6.0, 0.2098605477048298)	(7.0, 0.15916611772116707)	(8.0, 0.1624011126525794)	(9.0, 0.10228789029865615)	('>10', 1.2229484937728976)	('>50', 0.24102975952001487)	('>100', 0.38440827781605214)	('>500', 0.0)	('>1k', 0.6690285257598995)	('>5k', 1.398741849129448)	('>10k+', 0.0)
SRR908444_1_paired	(1.0, 80.95295390422831)	(2.0, 13.792443858208902)	(3.0, 2.074284381938355)	(4.0, 0.5438938958803322)	(5.0, 0.2831743793315802)	(6.0, 0.1570485890752412)	(7.0, 0.1290989165417188)	(8.0, 0.12501638128183595)	(9.0, 0.094477141628147)	('>10', 0.7397503998439573)	('>50', 0.1866354297097235)	('>100', 0.18224400783420058)	('>500', 0.0)	('>1k', 0.7389787144977156)	('>5k', 0.0)	('>10k+', 0.0)
SRR908444_2	(1.0, 80.93516030633711)	(2.0, 12.321747528265044)	(3.0, 1.8154803371393005)	(4.0, 0.5392947751332536)	(5.0, 0.2674824712163603)	(6.0, 0.16481012852971072)	(7.0, 0.13447563533666154)	(8.0, 0.10785025229271265)	(9.0, 0.08966624248165628)	('>10', 1.0323501915478235)	('>50', 0.24102707927946074)	('>100', 0.08141074220343487)	('>500', 0.0)	('>1k', 0.7690216829138113)	('>5k', 1.5002226273236647)	('>10k+', 0.0)
SRR908444_2_paired	(1.0, 82.68496073973252)	(2.0, 12.705236520001554)	(3.0, 1.8617835681692854)	(4.0, 0.4961015017790666)	(5.0, 0.24582695493541307)	(6.0, 0.15560245785973034)	(7.0, 0.0881664847292018)	(8.0, 0.08848802673259691)	(9.0, 0.07329313960175247)	('>10', 0.6083761054448497)	('>50', 0.10780155099513469)	('>100', 0.031218548704473395)	('>500', 0.0)	('>1k', 0.853144401314437)	('>5k', 0.0)	('>10k+', 0.0)
SRR908445_1	(1.0, 17.834488321783446)	(2.0, 11.332820005133282)	(3.0, 9.47970520294797)	(4.0, 6.705532944670553)	(5.0, 4.847284860484728)	(6.0, 2.921570784292157)	(7.0, 2.1816448502181647)	(8.0, 1.4255857441425586)	(9.0, 1.2077879221207788)	('>10', 10.98889011109889)	('>50', 3.75829575037583)	('>100', 11.652550141165255)	('>500', 2.927437392292744)	('>1k', 5.4559454405455945)	('>5k', 7.280460528728046)	('>10k+', 0.0)
SRR908445_1_paired	(1.0, 21.81378692927484)	(2.0, 19.15129811996419)	(3.0, 16.7591763652641)	(4.0, 11.846016114592658)	(5.0, 8.263205013428827)	(6.0, 4.350940017905103)	(7.0, 3.1459265890778876)	(8.0, 1.8048343777976723)	(9.0, 1.1602506714413607)	('>10', 3.616830796777081)	('>50', 0.1360787824529991)	('>100', 1.1674127126230975)	('>500', 0.0)	('>1k', 6.784243509400179)	('>5k', 0.0)	('>10k+', 0.0)
SRR908445_2	(1.0, 20.276463902027647)	(2.0, 10.743225901074323)	(3.0, 8.916510834891652)	(4.0, 5.978073552597808)	(5.0, 4.198291350419829)	(6.0, 2.6927730722692775)	(7.0, 1.8941810581894183)	(8.0, 1.1557217761155723)	(9.0, 0.9503904960950391)	('>10', 9.881567850988157)	('>50', 3.86829465038683)	('>100', 12.523741429252375)	('>500', 3.090969090309097)	('>1k', 5.742675906574267)	('>5k', 0.0)	('>10k+', 8.087119128808713)
SRR908445_2_paired	(1.0, 26.800358102059086)	(2.0, 18.911369740376006)	(3.0, 16.30259623992838)	(4.0, 10.606982990152193)	(5.0, 7.2963294538943595)	(6.0, 4.479856759176365)	(7.0, 2.6069829901521935)	(8.0, 1.504028648164727)	(9.0, 1.0152193375111906)	('>10', 2.7878245299910476)	('>50', 0.23097582811101164)	('>100', 0.7699194270367055)	('>500', 0.0)	('>1k', 6.687555953446732)	('>5k', 0.0)	('>10k+', 0.0)
SRR908446_1	(1.0, 10.158521827486759)	(2.0, 7.194467433812848)	(3.0, 8.514913018211773)	(4.0, 8.222871538596946)	(5.0, 7.304988831124483)	(6.0, 5.739977326296756)	(7.0, 4.508313354276646)	(8.0, 3.215621699963133)	(9.0, 2.320287737315172)	('>10', 8.79024620331068)	('>50', 1.3577052624326658)	('>100', 3.546535875082156)	('>500', 2.043496470968213)	('>1k', 2.612801612982172)	('>5k', 1.0956116127590922)	('>10k+', 23.373640195380503)
SRR908446_1_paired	(1.0, 11.840094841350593)	(2.0, 10.29476491436296)	(3.0, 12.374184848523667)	(4.0, 11.82673730289195)	(5.0, 10.31702445686402)	(6.0, 7.96348281815985)	(7.0, 6.103980376844329)	(8.0, 4.2253410810844505)	(9.0, 3.016819393345457)	('>10', 9.08835510495195)	('>50', 0.2568209183538715)	('>100', 0.2956974793890905)	('>500', 0.08824872257030446)	('>1k', 0.6710758442057376)	('>5k', 0.6726823136700029)	('>10k+', 10.964689583431761)
SRR908446_2	(1.0, 14.862084741319276)	(2.0, 7.677421736829147)	(3.0, 8.41600766667026)	(4.0, 7.932734531528481)	(5.0, 6.73698716584806)	(6.0, 5.266869938797463)	(7.0, 3.8452876482377123)	(8.0, 2.822100212847544)	(9.0, 2.053503974202935)	('>10', 7.382150743594883)	('>50', 1.2160315684830343)	('>100', 3.2744151322984756)	('>500', 1.8885727328979802)	('>1k', 2.803691028712135)	('>5k', 0.3701917147628741)	('>10k+', 23.45194946296975)
SRR908446_2_paired	(1.0, 15.72140330501012)	(2.0, 10.825374868083186)	(3.0, 12.276077598325989)	(4.0, 11.449930843273261)	(5.0, 9.716627080585564)	(6.0, 7.430749828339963)	(7.0, 5.388910415438163)	(8.0, 3.878857169809538)	(9.0, 2.7406101793077444)	('>10', 7.7286761110003726)	('>50', 0.28821507738778807)	('>100', 0.23476272624020125)	('>500', 0.11438803145583576)	('>1k', 1.1107398568468538)	('>5k', 0.5584701647899869)	('>10k+', 10.536206744105424)
SRR908447_1	(1.0, 51.28604926056045)	(2.0, 24.176441699457765)	(3.0, 9.641380385316847)	(4.0, 3.249946500005268)	(5.0, 1.1879747245040628)	(6.0, 0.4777574732704226)	(7.0, 0.310362215306703)	(8.0, 0.20441406203498894)	(9.0, 0.15117887966353777)	('>10', 1.7295719642276397)	('>50', 0.5415555942356204)	('>100', 0.5467964548249973)	('>500', 0.284928120709128)	('>1k', 0.7469973293391976)	('>5k', 1.2656678323345385)	('>10k+', 4.1989775042088295)
SRR908447_1_paired	(1.0, 53.29899986064515)	(2.0, 25.047432582467412)	(3.0, 9.613811719205902)	(4.0, 3.1358578688363976)	(5.0, 1.0642937606090175)	(6.0, 0.40911189748654864)	(7.0, 0.24346998835447056)	(8.0, 0.15340960577430504)	(9.0, 0.11347289089483956)	('>10', 0.9661581826051248)	('>50', 0.16441924117192314)	('>100', 0.2584590266714743)	('>500', 0.10045614613065063)	('>1k', 0.8142762663404632)	('>5k', 0.0)	('>10k+', 4.616370962806325)
SRR908447_2	(1.0, 55.711951168915576)	(2.0, 22.223298714740533)	(3.0, 8.450493365170143)	(4.0, 2.8631497943630544)	(5.0, 0.9161913941258673)	(6.0, 0.4490916751307258)	(7.0, 0.2524877471422843)	(8.0, 0.17221966058790925)	(9.0, 0.1501723299648251)	('>10', 1.7169500322094207)	('>50', 0.5568097671609914)	('>100', 0.6127354186021455)	('>500', 0.21304177845864672)	('>1k', 0.19643885068705408)	('>5k', 1.3581194917162789)	('>10k+', 4.156848811024539)
SRR908447_2_paired	(1.0, 56.3897865841592)	(2.0, 23.764588535260543)	(3.0, 8.713513276148257)	(4.0, 2.8801223569725987)	(5.0, 0.8946149072839037)	(6.0, 0.38845427575100266)	(7.0, 0.20101061401954803)	(8.0, 0.14664972151672348)	(9.0, 0.09784727322537279)	('>10', 1.0004647260606692)	('>50', 0.14813117889797883)	('>100', 0.37744385638010036)	('>500', 0.13991280496723846)	('>1k', 0.22149519984068552)	('>5k', 0.0)	('>10k+', 4.635964689516177)
SRR908448_1	(1.0, 49.620221198357704)	(2.0, 16.87041472938813)	(3.0, 5.226963860377885)	(4.0, 1.8243273041564467)	(5.0, 0.8409132425859802)	(6.0, 0.4872771533611041)	(7.0, 0.3786264378761184)	(8.0, 0.31441951192896467)	(9.0, 0.24929862701744224)	('>10', 3.645202686067396)	('>50', 1.518777124906445)	('>100', 3.281680179951138)	('>500', 0.6768127736498741)	('>1k', 0.3377632732049733)	('>5k', 2.217713007083073)	('>10k+', 12.509588890087317)
SRR908448_1_paired	(1.0, 63.245312076928215)	(2.0, 21.316377110566084)	(3.0, 6.129547132465219)	(4.0, 1.917051471385819)	(5.0, 0.7466967224696845)	(6.0, 0.44070993775042877)	(7.0, 0.2374270363603056)	(8.0, 0.1883477651121987)	(9.0, 0.1439372680872748)	('>10', 1.489719395923229)	('>50', 0.2768424012957642)	('>100', 0.5348343854138462)	('>500', 0.2591008321873574)	('>1k', 0.0)	('>5k', 3.074096464054567)	('>10k+', 0.0)
SRR908448_2	(1.0, 52.76708361482881)	(2.0, 15.49733879083361)	(3.0, 4.564615776478978)	(4.0, 1.6250024146626723)	(5.0, 0.6677132834245678)	(6.0, 0.44623164475822663)	(7.0, 0.3326213775003355)	(8.0, 0.2599587886453977)	(9.0, 0.24244051108529147)	('>10', 3.0804011536498805)	('>50', 1.3109422171274483)	('>100', 3.3923617459483077)	('>500', 0.24877319470287593)	('>1k', 0.0)	('>5k', 2.260032514687077)	('>10k+', 13.304482971666513)
SRR908448_2_paired	(1.0, 66.20501180484145)	(2.0, 20.03366560771448)	(3.0, 5.5737526314152745)	(4.0, 1.7701366248385728)	(5.0, 0.6132615761438489)	(6.0, 0.35189646939375296)	(7.0, 0.21917308420129528)	(8.0, 0.14952273363170546)	(9.0, 0.16064294602761528)	('>10', 1.1186796815489624)	('>50', 0.18868050522801086)	('>100', 0.4460392374079004)	('>500', 0.0)	('>1k', 0.0)	('>5k', 3.1695370976071335)	('>10k+', 0.0)
SRR908449_1	(1.0, 6.55561198878341)	(2.0, 2.8310248918831182)	(3.0, 3.1786571105661006)	(4.0, 3.379967694726302)	(5.0, 3.490248602146074)	(6.0, 3.367910091608158)	(7.0, 3.0360817741271706)	(8.0, 2.6356512635433775)	(9.0, 2.2843199228251034)	('>10', 14.133836229553578)	('>50', 2.3611448910282187)	('>100', 6.431781372574301)	('>500', 3.9177053861028766)	('>1k', 7.032939605934681)	('>5k', 1.000336198120863)	('>10k+', 34.36278297647667)
SRR908449_1_paired	(1.0, 6.460940600288432)	(2.0, 3.9770802481682592)	(3.0, 5.259299050495078)	(4.0, 5.930292207477956)	(5.0, 6.29373675193821)	(6.0, 6.059990127471761)	(7.0, 5.5082900200354254)	(8.0, 4.6226661633613055)	(9.0, 3.7849531054908683)	('>10', 18.94291355730422)	('>50', 0.4537007462469874)	('>100', 0.5572655032569664)	('>500', 0.0)	('>1k', 1.5963007055954006)	('>5k', 2.080732115721517)	('>10k+', 28.471839097147612)
SRR908449_2	(1.0, 9.017569244922573)	(2.0, 3.022671050771999)	(3.0, 3.1959950198534517)	(4.0, 3.340241471568787)	(5.0, 3.3972598892031627)	(6.0, 3.1862995078311465)	(7.0, 2.8003136044516816)	(8.0, 2.4501850038912765)	(9.0, 2.011225131488626)	('>10', 12.084877669726884)	('>50', 2.1735589205390258)	('>100', 5.87258089007354)	('>500', 3.785598384806985)	('>1k', 7.424262312250768)	('>5k', 1.1827275493601381)	('>10k+', 35.054634349259956)
SRR908449_2_paired	(1.0, 9.549009359543929)	(2.0, 4.606211949630748)	(3.0, 5.388513023026221)	(4.0, 6.004820116728128)	(5.0, 6.1751696235856635)	(6.0, 5.788495600917564)	(7.0, 5.149201002739143)	(8.0, 4.268416620691657)	(9.0, 3.5780655652022415)	('>10', 16.053989178934735)	('>50', 0.45684640475429983)	('>100', 0.5008856238566741)	('>500', 0.3135979558059177)	('>1k', 3.280921823126881)	('>5k', 1.3112556500866266)	('>10k+', 27.574600501369574)
SRR908450_1	(1.0, 23.381356055569842)	(2.0, 12.435766171882202)	(3.0, 6.485251088153802)	(4.0, 3.134659336286836)	(5.0, 1.6352634618090771)	(6.0, 0.9200176627863531)	(7.0, 0.6419743501404774)	(8.0, 0.4735955901263083)	(9.0, 0.3493737959948176)	('>10', 5.872391221012893)	('>50', 2.9536643003061873)	('>100', 5.2901015610215305)	('>500', 1.6590402895920575)	('>1k', 2.804695195625064)	('>5k', 0.0)	('>10k+', 31.962849919692548)
SRR908450_1_paired	(1.0, 36.660837755266115)	(2.0, 21.315726000964787)	(3.0, 10.660877954655088)	(4.0, 4.586750281395722)	(5.0, 2.090368226402959)	(6.0, 0.8984563434635794)	(7.0, 0.5205820871522753)	(8.0, 0.23315645602186846)	(9.0, 0.15376266280752532)	('>10', 0.9225759768451519)	('>50', 0.41606367583212733)	('>100', 0.8311223669400226)	('>500', 0.7808731307284129)	('>1k', 1.35270943881653)	('>5k', 0.0)	('>10k+', 18.57613764270783)
SRR908450_2	(1.0, 25.611525453336764)	(2.0, 11.697228786459824)	(3.0, 5.786503496164167)	(4.0, 2.7328794708927955)	(5.0, 1.2786110450643673)	(6.0, 0.8210284205878213)	(7.0, 0.536676969958706)	(8.0, 0.38819310666090845)	(9.0, 0.2838662092457893)	('>10', 5.106195076740925)	('>50', 2.470363882513356)	('>100', 6.131510119709049)	('>500', 1.846828704939272)	('>1k', 0.5293983492088139)	('>5k', 0.0)	('>10k+', 34.77919090851744)
SRR908450_2_paired	(1.0, 39.540118990191345)	(2.0, 20.493648496542853)	(3.0, 9.873974915581284)	(4.0, 4.048078469207268)	(5.0, 1.6531998713619551)	(6.0, 0.844187168355041)	(7.0, 0.3869191188293938)	(8.0, 0.16079755587715067)	(9.0, 0.15376266280752532)	('>10', 0.7577584820710725)	('>50', 0.3035053867181219)	('>100', 0.9688052741598328)	('>500', 1.4130085222704616)	('>1k', 0.0)	('>5k', 0.0)	('>10k+', 19.402235086026693)
SRR908451_1	(1.0, 9.032489342690338)	(2.0, 3.345000158932539)	(3.0, 3.3354642066264275)	(4.0, 3.4195218602877033)	(5.0, 3.455016793871561)	(6.0, 3.1087204517922293)	(7.0, 2.713331614507362)	(8.0, 2.3536143025157252)	(9.0, 2.0025499842833376)	('>10', 14.296158423954312)	('>50', 4.214361144173004)	('>100', 11.852305757949276)	('>500', 6.143978752485528)	('>1k', 14.045927971773581)	('>5k', 4.721355941781245)	('>10k+', 11.960203292375828)
SRR908451_1_paired	(1.0, 10.236143856891584)	(2.0, 5.872534710527301)	(3.0, 8.009430784776018)	(4.0, 9.284083679503013)	(5.0, 10.07073088582014)	(6.0, 9.435275625912205)	(7.0, 7.995209760113768)	(8.0, 6.568616443995359)	(9.0, 5.678679690131357)	('>10', 22.051569926275214)	('>50', 0.4116612402230455)	('>100', 0.6377006848546087)	('>500', 0.0)	('>1k', 0.0)	('>5k', 3.7483627109763855)	('>10k+', 0.0)
SRR908451_2	(1.0, 10.12188359780885)	(2.0, 3.251759736383896)	(3.0, 3.2623552389462422)	(4.0, 3.310741367314287)	(5.0, 3.1424494682823627)	(6.0, 2.912703654388834)	(7.0, 2.451269517798678)	(8.0, 2.143116984943791)	(9.0, 1.7434899466339855)	('>10', 12.24380957762795)	('>50', 3.6109472732474153)	('>100', 11.425483596396116)	('>500', 5.94266420380096)	('>1k', 16.550175002383988)	('>5k', 4.6955735522128705)	('>10k+', 13.191577281829773)
SRR908451_2_paired	(1.0, 15.206766213839302)	(2.0, 6.797649788555818)	(3.0, 8.649376894577298)	(4.0, 9.266120279929643)	(5.0, 9.610418771752554)	(6.0, 8.95924553721792)	(7.0, 7.392687399423674)	(8.0, 6.377006848546088)	(9.0, 4.98484338160997)	('>10', 18.401257437970138)	('>50', 0.10328954754687325)	('>100', 0.5800681112233823)	('>500', 0.0)	('>1k', 3.671269787807342)	('>5k', 0.0)	('>10k+', 0.0)
SRR908452_1	(1.0, 19.203952173784877)	(2.0, 14.639849655914416)	(3.0, 13.532898045834617)	(4.0, 10.679935671907833)	(5.0, 7.548592317223019)	(6.0, 5.8245107333459)	(7.0, 3.7577009021485654)	(8.0, 2.5547259887795217)	(9.0, 1.6783474765956727)	('>10', 6.778118803201201)	('>50', 1.6644837336485936)	('>100', 5.994899301653237)	('>500', 1.744346777824346)	('>1k', 1.3476170511814898)	('>5k', 0.0)	('>10k+', 3.0500213669567)
SRR908452_1_paired	(1.0, 19.4119498593594)	(2.0, 18.731820048114525)	(3.0, 17.314482946094863)	(4.0, 13.502593705702601)	(5.0, 9.520118094939143)	(6.0, 7.08082679189851)	(7.0, 4.561670151872222)	(8.0, 2.8003845819651416)	(9.0, 1.7434433137719874)	('>10', 3.267681766455684)	('>50', 0.12574542419018234)	('>100', 0.44563158775507183)	('>500', 0.0)	('>1k', 1.4936517278806793)	('>5k', 0.0)	('>10k+', 0.0)
SRR908452_2	(1.0, 23.491684029897684)	(2.0, 14.726745144011987)	(3.0, 12.729603014697641)	(4.0, 9.925768218297838)	(5.0, 7.125525013037082)	(6.0, 4.926581286204663)	(7.0, 3.1873962867726786)	(8.0, 2.1317597728691737)	(9.0, 1.3848545689777365)	('>10', 5.968426830207737)	('>50', 1.7614758206600967)	('>100', 6.020751423632713)	('>500', 1.5472306006877066)	('>1k', 1.850168734304581)	('>5k', 0.0)	('>10k+', 3.2220292557406935)
SRR908452_2_paired	(1.0, 21.2816947503139)	(2.0, 19.693312968312803)	(3.0, 17.077250162838006)	(4.0, 13.178877370410502)	(5.0, 9.346330080647398)	(6.0, 6.3521756053990535)	(7.0, 3.94655912775522)	(8.0, 2.5186061130601742)	(9.0, 1.5728115580511761)	('>10', 2.6801903267293072)	('>50', 0.17607410239489715)	('>100', 0.33282835315544146)	('>500', 0.0)	('>1k', 1.8432894809321154)	('>5k', 0.0)	('>10k+', 0.0)
SRR908453_1	(1.0, 18.828939958703174)	(2.0, 12.639332099791728)	(3.0, 10.101633101820815)	(4.0, 7.163480017519866)	(5.0, 4.6280156963699906)	(6.0, 3.094580461773618)	(7.0, 1.9615993135072805)	(8.0, 1.2442680539540372)	(9.0, 0.9412458770212653)	('>10', 10.37202899716643)	('>50', 5.065565417929259)	('>100', 13.02146183618925)	('>500', 3.972808452441608)	('>1k', 2.728093463123363)	('>5k', 4.236947252688316)	('>10k+', 0.0)
SRR908453_1_paired	(1.0, 25.468096183883222)	(2.0, 22.343276962533025)	(3.0, 18.00266106172506)	(4.0, 12.715247112362368)	(5.0, 7.448080371777318)	(6.0, 4.980813359301182)	(7.0, 2.5983917931313756)	(8.0, 1.3883800304672285)	(9.0, 0.8503827686611775)	('>10', 1.681482481343643)	('>50', 0.07134730712123256)	('>100', 0.37409128598700325)	('>500', 0.0)	('>1k', 2.077749281706165)	('>5k', 0.0)	('>10k+', 0.0)
SRR908453_2	(1.0, 23.371591000509508)	(2.0, 12.36759539835349)	(3.0, 8.878817945348743)	(4.0, 5.9656932414434225)	(5.0, 3.5732482368399885)	(6.0, 2.2498726234212008)	(7.0, 1.4453889678474698)	(8.0, 0.9332010404655278)	(9.0, 0.559116140623743)	('>10', 9.170666738176326)	('>50', 4.862656762578996)	('>100', 14.250087152396022)	('>500', 3.670680146237251)	('>1k', 3.9973898974730275)	('>5k', 0.0)	('>10k+', 4.703994708285288)
SRR908453_2_paired	(1.0, 34.207177153435275)	(2.0, 22.52453768873291)	(3.0, 16.287433232418675)	(4.0, 10.605680788291329)	(5.0, 5.722246861682639)	(6.0, 3.5345841608978192)	(7.0, 1.8289978595807863)	(8.0, 0.8561676854547908)	(9.0, 0.5032877610443703)	('>10', 0.992113230104707)	('>50', 0.1330530862531094)	('>100', 0.26032125571260534)	('>500', 0.0)	('>1k', 2.544399236390983)	('>5k', 0.0)	('>10k+', 0.0)
