Sample	fastqc-percent_duplicates	fastqc-percent_gc	fastqc-avg_sequence_length	fastqc-median_sequence_length	fastqc-percent_fails	fastqc-total_sequences	trimmomatic-dropped_pct
SRR908430							56.09
SRR908430_1	76.47822021580038	43.0	251.0	251	60.0	0.7193609999999999	
SRR908430_1_paired	57.35765928213119	38.0	134.81242677682593	132	50.0	0.29533	
SRR908430_2	73.79073902817875	48.0	251.0	251	60.0	0.7193609999999999	
SRR908430_2_paired	53.13961376840209	38.0	127.70262079707446	127	40.0	0.29533	
SRR908431							54.12
SRR908431_1	81.93857202978182	35.0	251.0	251	60.0	0.508498	
SRR908431_1_paired	71.96288153653174	19.0	149.9692073211853	167	50.0	0.22242299999999998	
SRR908431_2	80.14754159290449	39.0	251.0	251	60.0	0.508498	
SRR908431_2_paired	69.9900639771966	19.0	141.37695292303403	152	40.0	0.22242299999999998	
SRR908432							79.6
SRR908432_1	82.51438668078896	42.0	251.0	251	60.0	0.409754	
SRR908432_1_paired	51.61847772819891	32.0	138.03320780996106	137	50.0	0.077542	
SRR908432_2	80.56077548968406	47.0	251.0	251	60.0	0.409754	
SRR908432_2_paired	47.980449304892836	32.0	130.50484898506616	127	30.0	0.077542	
SRR908433							86.37
SRR908433_1	84.35683352190706	42.0	251.0	251	60.0	0.25631	
SRR908433_1_paired	47.51617873651772	29.0	147.76906009244993	152	40.0	0.03245	
SRR908433_2	83.0080761577777	47.0	251.0	251	60.0	0.25631	
SRR908433_2_paired	46.54853620955316	29.0	138.73728813559322	142	30.0	0.03245	
SRR908434							86.78
SRR908434_1	80.42810531053105	41.0	251.0	251	60.0	0.17776	
SRR908434_1_paired	40.70255474452554	24.0	146.65127737226277	152	40.0	0.02192	
SRR908434_2	81.8772502250225	47.0	251.0	251	60.0	0.17776	
SRR908434_2_paired	41.83394160583942	25.0	137.6877281021898	142	30.0	0.02192	
SRR908435							43.93
SRR908435_1	64.38064991026309	39.0	251.0	251	60.0	0.24181799999999998	
SRR908435_1_paired	48.51708044083618	31.0	153.18946542730518	157	40.0	0.127485	
SRR908435_2	60.106360982226306	43.0	251.0	251	60.0	0.24181799999999998	
SRR908435_2_paired	45.603796525081385	31.0	142.7970820096482	147	30.0	0.127485	
SRR908436							79.53
SRR908436_1	81.08999541674851	39.0	251.0	251	60.0	0.244368	
SRR908436_1_paired	54.61157305999192	21.0	158.63011717670076	177	50.0	0.047022999999999995	
SRR908436_2	81.35803378511098	44.0	251.0	251	60.0	0.244368	
SRR908436_2_paired	53.99272696340089	22.0	147.22071114135636	157	40.0	0.047022999999999995	
SRR908437							85.61
SRR908437_1	76.56854857073459	41.0	251.0	251	60.0	0.065873	
SRR908437_1_paired	41.38085631024434	23.0	166.47881640887692	182	40.0	0.008922	
SRR908437_2	77.98035613984486	46.0	251.0	251	60.0	0.065873	
SRR908437_2_paired	43.656130912351486	23.0	155.2692781887469	167	30.0	0.008922	
SRR908438							81.78
SRR908438_1	82.90341898954703	43.0	251.0	251	60.0	0.55104	
SRR908438_1_paired	49.04255658102956	40.0	137.52689656637318	132	40.0	0.09415699999999999	
SRR908438_2	82.80760017421602	49.0	251.0	251	60.0	0.55104	
SRR908438_2_paired	44.06151427934195	40.0	130.37290907739202	127	30.0	0.09415699999999999	
SRR908439							86.89
SRR908439_1	82.44999493802699	42.0	251.0	251	60.0	0.345715	
SRR908439_1_paired	39.784615384615385	29.0	154.55905325443786	162	40.0	0.042249999999999996	
SRR908439_2	83.7629261096568	47.0	251.0	251	60.0	0.345715	
SRR908439_2_paired	39.51005917159763	29.0	144.3361420118343	147	30.0	0.042249999999999996	
SRR908440							52.4
SRR908440_1	67.07083894445758	39.0	251.0	251	60.0	0.194554	
SRR908440_1_paired	45.830178723013745	28.0	144.51328377727305	147	40.0	0.087174	
SRR908440_2	64.31324979183157	43.0	251.0	251	60.0	0.194554	
SRR908440_2_paired	44.438708789317914	28.0	136.02840296418657	137	30.0	0.087174	
SRR908441							69.42
SRR908441_1	73.05336034025785	44.0	251.0	251	60.0	0.377233	
SRR908441_1_paired	34.752646057723695	41.0	160.90165524315756	162	30.0	0.107235	
SRR908441_2	72.71969039483112	49.0	251.0	251	60.0	0.377233	
SRR908441_2_paired	30.17857975474425	41.0	148.36920781461276	152	30.0	0.107235	
SRR908442							63.36
SRR908442_1	65.52204424920984	44.0	251.0	251	60.0	0.074668	
SRR908442_1_paired	34.11605415860734	40.0	132.51760154738878	127	40.0	0.025849999999999998	
SRR908442_2	62.960036427920926	48.0	251.0	251	60.0	0.074668	
SRR908442_2_paired	28.321083172147	40.0	127.76189555125725	127	30.0	0.025849999999999998	
SRR908443							26.43
SRR908443_1	48.13156072027981	44.0	251.0	251	50.0	0.364491	
SRR908443_1_paired	36.94938949906278	39.0	126.58006948210678	122	30.0	0.254454	
SRR908443_2	45.54196472396777	48.0	251.0	251	50.0	0.364491	
SRR908443_2_paired	34.50784837690894	39.0	122.66905216659985	117	30.0	0.254454	
SRR908444							7.53
SRR908444_1	13.427117827089958	46.0	251.0	251	40.0	0.467503	
SRR908444_1_paired	11.150031636873706	44.0	120.45964599391667	117	10.0	0.409315	
SRR908444_2	11.977870160336906	51.0	251.0	251	40.0	0.467503	
SRR908444_2_paired	10.073247357202177	44.0	117.29199027643746	117	10.0	0.409315	
SRR908445							56.79
SRR908445_1	68.8849778168885	44.0	251.0	251	60.0	0.136365	
SRR908445_1_paired	56.61235452103849	40.0	118.09444941808415	112	40.0	0.05585	
SRR908445_2	67.44032559674403	49.0	251.0	251	60.0	0.136365	
SRR908445_2_paired	52.57117278424351	40.0	114.40419874664279	107	40.0	0.05585	
SRR908446							33.02
SRR908446_1	76.95545135508037	42.0	251.0	251	60.0	1.4600629999999999	
SRR908446_1_paired	70.09268713374269	38.0	134.65895082805972	132	50.0	0.922518	
SRR908446_2	72.58990097104052	47.0	251.0	251	60.0	1.4600629999999999	
SRR908446_2_paired	66.55453768646981	38.0	128.95507729930472	127	40.0	0.922518	
SRR908447							8.05
SRR908447_1	32.08887969172737	44.0	251.0	251	50.0	0.5716209999999999	
SRR908447_1_paired	29.781491268988077	41.0	130.93704160289914	127	30.0	0.497249	
SRR908447_2	29.202695632458017	49.0	251.0	251	50.0	0.5716209999999999	
SRR908447_2_paired	27.734960906134802	41.0	126.06587243011047	122	30.0	0.497249	
SRR908448							26.57
SRR908448_1	39.14575093543517	44.0	251.0	251	50.0	0.39011399999999996	
SRR908448_1_paired	23.183470797140586	41.0	140.6441967614983	137	30.0	0.270866	
SRR908448_2	37.04090404695234	48.0	251.0	251	50.0	0.39011399999999996	
SRR908448_2_paired	21.15313368146289	41.0	134.3860912776059	132	30.0	0.270866	
SRR908449							51.44
SRR908449_1	86.84974453350209	38.0	251.0	251	60.0	0.900839	
SRR908449_1_paired	82.88447206171298	27.0	136.95171656165007	137	50.0	0.41326799999999997	
SRR908449_2	84.56325812661564	42.0	251.0	251	60.0	0.900839	
SRR908449_2_paired	79.7927736964875	28.0	129.7735271058974	127	40.0	0.41326799999999997	
SRR908450							49.31
SRR908450_1	66.42663392904801	40.0	251.0	251	60.0	0.206083	
SRR908450_1_paired	47.226242161119146	32.0	138.6645159993568	137	40.0	0.099504	
SRR908450_2	65.05534177976834	44.0	251.0	251	60.0	0.206083	
SRR908450_2_paired	45.29064158224795	33.0	131.711056841936	132	30.0	0.099504	
SRR908451							74.74
SRR908451_1	84.20475455518314	45.0	251.0	251	50.0	0.566278	
SRR908451_1_paired	73.96729164327682	44.0	129.5463867370233	122	40.0	0.133605	
SRR908451_2	83.55277796418014	51.0	251.0	251	60.0	0.566278	
SRR908451_2_paired	68.95774858725346	44.0	123.59913925377045	122	40.0	0.133605	
SRR908452							28.18
SRR908452_1	62.283108706277915	46.0	251.0	251	50.0	0.348692	
SRR908452_1_paired	57.516725747898626	43.0	125.34096224733581	122	30.0	0.239003	
SRR908452_2	58.873629954689385	50.0	251.0	251	60.0	0.348692	
SRR908452_2_paired	55.67528755481661	43.0	121.90049915691435	117	30.0	0.239003	
SRR908453							51.26
SRR908453_1	67.04834946769998	45.0	251.0	251	50.0	0.223746	
SRR908453_1_paired	51.085636051601455	42.0	132.76397539482056	127	40.0	0.10371799999999999	
SRR908453_2	63.929187560894945	50.0	251.0	251	60.0	0.223746	
SRR908453_2_paired	44.21315490078867	42.0	128.6751865635666	127	30.0	0.10371799999999999	
